[R_Stereo]
r1 = 0.9999994846849556
r2 = 8.147641842448274e-05
r3 = -0.0010119246101383118
r4 = -7.538937692641691e-05
r5 = 0.9999819135377893
r6 = 0.006013893393050873
r7 = 0.0010123962984965435
r8 = -0.006013814005635277
r9 = 0.9999814043745215

[T_Stereo]
t1 = -2.4388186112880375
t2 = -0.0022195453775716834
t3 = 0.07135109519455633

[distortion1]
k1 = -0.4144961590847545
k2 = 0.25083291136716845
k3 = -0.10614253654096745
k4 = 0
k5 = 0
k6 = 0
p1 = 0.00035669600672584627
p2 = 0.0003405698963564443

[distortion2]
k1 = -0.41149504665815145
k2 = 0.23025874169430224
k3 = -0.07212475548414714
k4 = 0
k5 = 0
k6 = 0
p1 = 0.0004484752213014587
p2 = 0.0003237158752082064

[intrinsic1]
cx = 965.3187907068112
cy = 487.5275308407197
fx = 1518.8125324119167
fy = 1518.9139123415573

[intrinsic2]
cx = 892.1189729085278
cy = 517.1692373512973
fx = 1522.629426490934
fy = 1524.3767029614787

