[distortion1]
k1 = -0.4144961590847545
k2 = 0.25083291136716845
k3 = -0.10614253654096745
k4 = 0
k5 = 0
k6 = 0
p1 = 0.00035669600672584627
p2 = 0.0003405698963564443

[intrinsic1]
cx = 965.3187907068112
cy = 487.5275308407197
fx = 1518.8125324119167
fy = 1518.9139123415573


