[distortion1]
k1 = -0.41149504665815145
k2 = 0.23025874169430224
k3 = -0.07212475548414714
k4 = 0
k5 = 0
k6 = 0
p1 = 0.0004484752213014587
p2 = 0.0003237158752082064

[intrinsic1]
cx = 892.1189729085278
cy = 517.1692373512973
fx = 1522.629426490934
fy = 1524.3767029614787

