=== RT SIFT DIAGNOSTICS ===
This report describes the selected best frame pair only.
Coordinates are undistorted display pixels: frame_B/UI-left -> frame_A/UI-right.

[SELECTED_PAIR]
video=SU01\video_20260729_140108.mp4
frame_left_B=1
frame_right_A=0
shared_markers=1
baseline_mm=21.163456
rt_sift_role=final_rt
rt_sift_applied=True
rt_reliable=True

[PIPELINE_COUNTS]
left_keypoint_count=794
right_keypoint_count=795
left_descriptor_count=794
right_descriptor_count=795
knn_pair_count=794
ratio_pass_count=268
mutual_pass_count=247
spatially_balanced_count=168
essential_ransac_inlier_count=100
recoverpose_inlier_count=100
final_rt_sift_point_count=80
final_rt_feature_inlier_count=98
final_rt_feature_outlier_count=70

[FEATURE_QUALITY]
match_count=168
essential_inlier_count=100
inlier_count=100
inlier_ratio=0.5952380952380952
grid_coverage=0.5833333333333334
hull_coverage=0.3843724185474312
parallax_deg=5.374405993792371
homography_ratio=0.6071428571428571
planar_degenerate=False
model_epi_px=0.4300425859844162
quality_penalty=0.0
quality_ok=True
strong=True
marker_rt_feature_epi_px=14.527592588535478
final_feature_epi_px=0.3862427389392509
final_feature_inlier_p90_px=0.981305036913671
final_feature_all_p90_px=14.594206180866008
final_feature_holdout_median_px=0.559028768161641
marker_bidir_rms_px=0.3529384723256064
marker_left_to_right_rms_px=0.34151267955098996
marker_right_to_left_rms_px=0.3640057969331923
marker_bidir_max_px=0.6111055898175792
marker_pnp_self_reproj_px=0.1548372060060501
joint_solution_role=joint_from_marker_w12
feature_rot_agreement_deg=31.16440137378164
pair_score=1.0941513267613476
combined_score=0.8608822808606957
sharpness_min=51.92771756597271
marker_coverage=0.0003069198768230308

[ACTIVE_THRESHOLDS]
sift_max_keypoints=800
sift_contrast_threshold=0.01
match_ratio=0.75
ransac_threshold_px=0.75
min_matches=11
min_inlier_ratio=0.28
min_grid_coverage=0.16666666666666666
min_hull_coverage=0.02
min_parallax_deg=1.0
strong_inliers=40
strong_grid_coverage=0.25

final_feature_inlier_px=1.5
final_feature_p90_max_px=1.25
marker_bidir_rms_max_px=1.5
marker_bidir_point_max_px=2.0

[FINAL_RT_LEFT_TO_RIGHT]
R0=0.999995301016 0.000904329611389 -0.00292918643059
R1=-0.00090953725246 0.999998007502 -0.00177700162469
R2=0.002927573599 0.00177965747877 0.999994131049
t_mm=-21.110001746 1.49140723321 -0.188096541453

[GRID_COUNTS_6x4]
raw_keypoints_left
    62  165  131    0    0    0
   125  119  192    0    0    0
     0    0    0    0    0    0
     0    0    0    0    0    0
raw_keypoints_right
    73  192   73    0    0    0
   178  127  152    0    0    0
     0    0    0    0    0    0
     0    0    0    0    0    0
balanced_candidates_left
     0    2   17   13    0    0
     2    7    2   10   24    3
     3   11   22    9   24    3
     0    1   12    3    0    0
balanced_candidates_right
     0    3   24    2    0    1
     2    8    1   19   17    1
     3   21    9   24   12    1
     1    4   12    2    1    0
essential_inliers_left
     0    0    6   10    0    0
     0    2    2    6   21    1
     0    5   11    7   24    2
     0    0    2    1    0    0
essential_inliers_right
     0    0   15    1    0    0
     0    3    1   15   13    0
     1   10    5   21   12    0
     0    1    1    1    0    0
recoverpose_inliers_left
     0    0    6   10    0    0
     0    2    2    6   21    1
     0    5   11    7   24    2
     0    0    2    1    0    0
recoverpose_inliers_right
     0    0   15    1    0    0
     0    3    1   15   13    0
     1   10    5   21   12    0
     0    1    1    1    0    0
joint_optimization_left
     0    0    6    6    0    0
     0    2    1    5   19    1
     0    4    7    5   20    2
     0    0    1    1    0    0
joint_optimization_right
     0    0   12    0    0    0
     0    3    0   12   13    0
     0    8    3   16   11    0
     0    1    0    1    0    0
holdout_left
     0    0    0    4    0    0
     0    0    1    1    2    0
     0    1    4    2    4    0
     0    0    1    0    0    0
holdout_right
     0    0    3    1    0    0
     0    0    1    3    0    0
     1    2    2    5    1    0
     0    0    1    0    0    0
final_rt_inliers_left
     0    0    6   10    0    0
     0    2    2    6   20    1
     0    5   11    7   24    2
     0    0    2    0    0    0
final_rt_inliers_right
     0    0   15    1    0    0
     0    3    1   15   12    0
     1   10    5   21   12    0
     0    1    1    0    0    0

[MATCH_TABLE]
index,left_x,left_y,right_x,right_y,essential_inlier,recoverpose_inlier,optimization_used,holdout,final_rt_inlier,final_epipolar_px
1,423.643890,660.913757,377.683441,664.918457,0,0,0,0,0,0.841274
2,488.327057,259.398529,447.425446,260.705811,1,1,0,1,1,0.310941
3,647.279053,180.014877,603.932922,181.575165,1,1,1,0,1,0.114091
4,549.384277,770.996948,500.116333,775.899353,0,0,0,0,0,1.607147
5,959.900085,400.373596,907.460083,402.122772,1,1,1,0,1,1.115519
6,1068.475952,309.062683,1091.220825,303.135925,0,0,0,0,0,2.990033
7,511.815247,245.989502,471.756104,247.677567,1,1,1,0,1,0.161307
8,547.069763,809.341431,496.512787,815.167114,0,0,0,0,0,2.405991
9,432.435425,703.468994,385.329254,707.325623,0,0,0,0,0,0.548604
10,381.299286,315.995422,342.094269,317.987122,1,1,1,0,1,0.348301
11,647.279053,180.014877,603.932922,181.575165,1,1,0,1,1,0.114091
12,974.816406,424.051453,920.434021,425.216034,1,1,1,0,0,1.842763
13,395.386444,350.792450,391.030701,330.659576,0,0,0,0,0,19.167129
14,1175.528809,284.338989,1043.721313,294.010162,0,0,0,0,0,0.768376
15,669.508606,178.562363,625.104248,179.944977,1,1,1,0,1,0.390084
16,912.605347,403.893402,860.866333,406.377106,1,1,1,0,1,0.351821
17,997.471680,555.624268,940.058899,558.615540,1,1,1,0,1,0.167147
18,1018.495361,499.479950,964.351868,504.854004,0,0,0,0,0,2.447749
19,896.224365,553.737305,842.006714,556.608398,1,1,0,1,1,0.176509
20,897.225464,567.765930,842.229004,570.668335,1,1,1,0,1,0.200342
21,873.376160,505.502350,820.826233,508.589783,1,1,1,0,1,0.134959
22,889.776184,539.424927,836.616333,542.182312,1,1,1,0,1,0.218502
23,588.502563,173.873795,548.582397,176.444199,0,0,0,0,0,1.236556
24,651.725464,199.645554,607.835571,200.946182,1,1,1,0,1,0.482682
25,292.652496,929.773071,559.240417,849.839539,0,0,0,0,0,56.485860
26,971.925415,569.067383,915.247864,571.396790,1,1,0,1,1,0.793433
27,1095.161377,653.080322,1035.118896,657.076538,1,1,1,0,1,0.959702
28,586.600281,121.158035,553.079895,124.016968,0,0,0,0,0,2.194302
29,447.900940,747.138367,399.622162,752.008301,0,0,0,0,0,1.438496
30,330.143494,578.342773,283.628143,581.289001,1,1,1,0,1,0.192473
31,906.430054,560.821533,851.812012,563.872253,1,1,1,0,1,0.011926
32,914.889404,455.242401,861.252625,457.458008,1,1,1,0,1,0.779358
33,809.783325,60.514671,810.031006,45.961235,0,0,0,0,0,12.907207
34,441.332520,745.098450,393.725830,750.808350,0,0,0,0,0,2.319143
35,656.282227,120.484230,616.593689,122.034790,1,1,0,1,1,0.339634
36,408.036102,535.644104,364.569275,538.492432,1,1,1,0,1,0.141078
37,468.875977,74.049934,432.897278,73.813309,0,0,0,0,0,0.637717
38,871.423523,519.998840,818.484192,522.484009,1,1,1,0,1,0.498287
39,589.790161,215.824280,549.105713,217.661453,1,1,1,0,1,0.298018
40,976.753723,285.758759,857.738953,294.829254,0,0,0,0,0,1.187701
41,458.365753,676.720215,409.828949,679.939392,1,1,1,0,1,0.118838
42,423.097992,758.238281,374.483887,762.299316,0,0,0,0,0,0.537799
43,852.606140,524.149597,798.902222,526.514465,1,1,0,1,1,0.701171
44,330.143494,578.342773,283.628143,581.289001,1,1,1,0,1,0.192473
45,941.664673,469.054871,887.288696,471.714111,1,1,1,0,1,0.372616
46,824.323608,414.118011,772.817993,417.169373,1,1,1,0,1,0.185671
47,567.701599,135.016861,528.656311,135.130859,1,1,1,0,1,0.963299
48,446.665802,735.584717,398.371155,738.807251,1,1,0,1,1,0.193820
49,1024.936768,540.163574,968.076050,543.125061,1,1,1,0,1,0.128430
50,524.080627,83.119537,484.844055,83.771950,1,1,1,0,1,0.137288
51,889.309570,486.036835,835.614380,487.644592,1,1,1,0,1,1.414477
52,889.491699,520.958435,835.923889,522.946167,1,1,1,0,1,1.023318
53,682.685242,114.021400,639.321289,115.011543,1,1,0,1,1,0.501429
54,921.410950,529.635559,868.043762,532.332153,1,1,1,0,1,0.258888
55,669.508606,178.562363,625.104248,179.944977,1,1,1,0,1,0.390084
56,582.157959,207.002869,541.835999,210.002640,0,0,0,0,0,1.521063
57,883.981323,567.940430,829.058655,570.160522,1,1,1,0,1,0.894091
58,596.870300,848.733215,544.475952,853.844666,0,0,0,0,0,1.686564
59,867.323059,473.995300,813.969910,476.881622,1,1,1,0,1,0.130837
60,504.261047,613.218567,458.566925,615.484558,1,1,0,1,1,0.669661
61,837.324158,583.320251,784.735840,586.896912,1,1,1,0,1,0.582972
62,588.328918,186.636047,548.614380,188.810257,1,1,1,0,1,0.810368
63,606.976196,233.808624,565.458130,239.463837,0,0,0,0,0,3.960693
64,1072.639282,273.127625,1016.672119,275.451355,1,1,1,0,1,0.769940
65,976.192993,623.318604,919.751892,625.774597,1,1,1,0,1,0.578204
66,857.415649,518.636353,803.654663,521.139099,1,1,0,1,1,0.562538
67,886.612549,553.561890,831.556274,556.173401,1,1,1,0,1,0.516383
68,933.678040,470.282990,879.597229,473.241150,1,1,1,0,1,0.058231
69,888.432922,502.888977,835.896179,505.447083,1,1,1,0,1,0.375694
70,851.253662,817.043762,826.024292,819.702026,1,1,1,0,0,2.291605
71,683.507935,90.201027,640.232239,92.411049,1,1,0,1,1,0.805396
72,861.067139,496.302002,807.185303,498.331665,1,1,1,0,1,1.037402
73,515.824280,233.095612,476.858215,234.762421,1,1,1,0,1,0.266135
74,922.344849,569.228638,867.813782,571.971069,1,1,1,0,1,0.283621
75,911.164490,450.629974,857.613525,452.973663,1,1,1,0,1,0.647215
76,534.809875,965.929504,469.305939,970.074341,1,1,0,1,1,0.555519
77,950.369446,470.253937,895.664368,472.789703,1,1,1,0,1,0.513696
78,861.280823,613.743286,807.913330,616.575928,1,1,1,0,1,0.169798
79,555.418823,166.099548,515.907654,169.138809,0,0,0,0,0,1.806432
80,669.508606,178.562363,625.104248,179.944977,1,1,1,0,1,0.390084
81,460.702606,586.547485,411.618835,589.635986,1,1,1,0,1,0.133757
82,246.224152,587.400085,202.134277,590.019653,1,1,0,1,1,0.434867
83,177.348022,301.298950,167.565735,333.929504,0,0,0,0,0,33.243385
84,911.949829,477.513336,858.409302,479.550110,1,1,1,0,1,0.953200
85,977.615479,366.807312,929.285400,370.584503,0,0,0,0,0,1.237545
86,958.978638,612.995239,902.151367,616.468567,1,1,1,0,1,0.359641
87,798.848572,845.602905,752.271606,851.637695,0,0,0,0,0,3.724279
88,482.564056,596.582764,436.210693,600.431946,0,0,0,0,0,0.852007
89,874.539490,545.308044,819.866821,547.277832,1,1,1,0,1,1.143793
90,939.325623,529.939392,886.143677,533.405029,1,1,1,0,1,0.545796
91,471.741425,591.287842,423.551270,594.232605,1,1,0,1,1,0.200827
92,478.043060,782.700134,427.950439,787.575012,0,0,0,0,0,1.330711
93,161.461884,303.790955,155.745941,335.193573,0,0,0,0,0,32.326597
94,889.491699,520.958435,835.923889,522.946167,1,1,1,0,1,1.023318
95,678.787476,206.034958,633.057800,209.398544,0,0,0,0,0,1.387570
96,376.742310,403.461823,336.992645,405.494171,1,1,1,0,1,0.013628
97,638.192566,149.232880,589.945923,152.130600,0,0,0,0,0,0.980789
98,501.755035,589.443115,455.437897,592.335571,1,1,1,0,1,0.061284
99,965.361877,429.511688,912.264526,432.465729,1,1,1,0,1,0.036291
100,870.785706,553.245239,816.102295,555.464783,1,1,0,1,1,0.898864
101,783.539612,447.096863,734.130920,448.363770,1,1,1,0,1,1.479590
102,985.533813,595.416138,928.196472,598.253662,1,1,1,0,1,0.289518
103,916.119324,585.128479,861.189880,587.776794,1,1,1,0,1,0.408266
104,344.584503,392.435608,301.731659,395.700928,0,0,0,0,0,1.045574
105,904.903320,396.557281,854.429321,398.911560,1,1,1,0,1,0.382401
106,503.193726,635.234619,456.134796,639.591919,0,0,0,0,0,1.268597
107,889.309570,486.036835,835.614380,487.644592,1,1,0,1,1,1.414477
108,858.618042,635.336426,804.990112,637.607117,1,1,1,0,1,0.741920
109,481.236023,235.134308,935.470032,826.067749,0,0,0,0,0,626.592306
110,847.039978,510.635071,793.780090,511.602600,0,0,0,0,0,2.063370
111,479.126678,719.464355,431.881683,722.759949,1,1,1,0,1,0.051004
112,912.605347,403.893402,860.866333,406.377106,1,1,1,0,1,0.351821
113,881.516357,472.478058,828.288818,475.224304,1,1,1,0,1,0.247946
114,853.903320,488.151489,800.859619,490.865814,1,1,0,1,1,0.293488
115,429.803955,433.407440,386.159912,434.705719,1,1,1,0,1,1.113749
116,346.253357,41.831596,290.669556,38.814507,0,0,0,0,0,4.336453
117,457.884491,724.370972,410.873138,709.040710,0,0,0,0,0,18.530537
118,876.055969,506.061035,823.315857,508.764648,1,1,1,0,1,0.259960
119,139.732803,717.586365,141.406570,696.401245,0,0,0,0,0,20.915367
120,551.142029,155.517395,511.895966,159.587357,0,0,0,0,0,2.900091
121,438.531799,777.521729,389.525024,782.424500,0,0,0,0,0,1.358947
122,816.812195,591.550964,766.285828,595.269043,1,1,1,0,1,0.861808
123,582.123474,797.257324,532.412109,803.117554,0,0,0,0,0,2.605155
124,288.897980,476.760773,242.051254,481.223022,0,0,0,0,0,1.598040
125,784.454468,557.520020,739.141357,563.876343,0,0,0,0,0,3.864484
126,321.767487,729.797302,273.699860,733.205750,1,1,1,0,1,0.234607
127,484.384674,645.551880,436.982666,648.078979,1,1,0,1,1,0.626444
128,834.662170,508.190002,782.022217,512.219788,0,0,0,0,0,1.025794
129,478.300903,658.641235,428.909393,669.091309,0,0,0,0,0,7.072997
130,666.939453,103.226883,623.391052,104.447479,1,1,1,0,1,0.220109
131,265.812439,390.990631,219.939301,394.200928,0,0,0,0,0,0.778668
132,485.612640,566.396545,440.262207,569.126404,1,1,1,0,1,0.122503
133,466.121490,565.122864,421.176910,568.425659,0,0,0,0,0,0.462151
134,560.682251,848.866638,509.381073,854.549988,0,0,0,0,0,2.243186
135,464.763611,216.209946,422.966034,219.205841,0,0,0,0,0,1.500818
136,275.024628,376.054321,227.727753,378.621094,0,0,0,0,0,0.094124
137,459.460663,796.904846,410.610687,799.699402,1,1,1,0,1,0.692243
138,396.387207,565.161133,348.428741,563.671875,0,0,0,0,0,4.621943
139,696.126160,334.331024,653.104309,335.976868,1,1,1,0,1,0.459124
140,621.345215,197.488571,1067.711792,28.328329,0,0,0,0,0,134.644149
141,790.216675,461.614868,739.985413,463.826233,1,1,0,1,1,0.610955
142,478.043060,782.700134,430.308990,781.528931,0,0,0,0,0,4.493833
143,830.610168,367.957581,789.989624,366.484833,0,0,0,0,0,3.433853
144,459.998474,835.802979,407.550446,828.927490,0,0,0,0,0,10.651858
145,1139.382202,625.644104,1078.256592,608.287109,0,0,0,0,0,20.403650
146,687.501526,941.267334,634.853882,932.928162,0,0,0,0,0,11.348620
147,316.595428,704.126404,270.956299,726.999634,0,0,0,0,0,19.388488
148,807.927368,482.008759,756.172180,482.775879,0,0,0,0,0,2.170562
149,487.904022,658.174988,431.706512,698.270386,0,0,0,0,0,36.058035
150,850.563599,535.959106,796.118042,536.270752,0,0,0,0,0,2.809980
151,422.679535,615.295471,375.700836,614.818848,0,0,0,0,0,3.619841
152,461.660400,598.356750,413.452423,601.386719,1,1,1,0,1,0.143514
153,478.464935,749.877930,418.147888,775.528015,0,0,0,0,0,21.195242
154,429.869629,592.964722,382.812714,596.218689,1,1,1,0,1,0.144261
155,843.461426,538.763489,791.645691,542.144165,1,1,1,0,1,0.451778
156,821.675293,527.166992,769.330261,528.752747,1,1,1,0,1,1.405065
157,811.215393,523.605225,759.267761,525.969116,1,1,0,1,1,0.608718
158,146.041885,672.888428,793.222290,407.761597,0,0,0,0,0,212.119687
159,831.814697,486.322723,779.852417,488.676208,1,1,1,0,1,0.587045
160,495.548798,887.980835,436.201630,894.169312,0,0,0,0,0,1.862430
161,842.378662,565.332581,788.638611,567.901001,1,1,1,0,1,0.511869
162,435.966156,587.735657,389.441193,593.045471,0,0,0,0,0,2.252610
163,285.445129,746.904968,162.405731,792.475891,0,0,0,0,0,35.369986
164,148.880234,709.049622,149.733627,688.868835,0,0,0,0,0,19.947947
165,666.250305,59.310799,596.052307,961.366760,0,0,0,0,0,895.414173
166,847.989685,458.539581,795.379150,461.655884,1,1,1,0,1,0.147308
167,356.237244,47.962868,303.318146,18.084219,0,0,0,0,0,30.919172
168,1082.321899,594.532349,1022.713501,596.952454,1,1,1,0,1,0.720167
