=== RT SIFT DIAGNOSTICS ===
This report describes the selected best frame pair only.
Coordinates are undistorted display pixels: frame_B/UI-left -> frame_A/UI-right.

[SELECTED_PAIR]
video=SU01\video_20260729_132709.mp4
frame_left_B=1
frame_right_A=0
shared_markers=1
baseline_mm=22.895851
rt_sift_role=final_rt
rt_sift_applied=True
rt_reliable=True

[PIPELINE_COUNTS]
left_keypoint_count=791
right_keypoint_count=791
left_descriptor_count=791
right_descriptor_count=791
knn_pair_count=791
ratio_pass_count=261
mutual_pass_count=244
spatially_balanced_count=189
essential_ransac_inlier_count=142
recoverpose_inlier_count=142
final_rt_sift_point_count=113
final_rt_feature_inlier_count=137
final_rt_feature_outlier_count=52

[FEATURE_QUALITY]
match_count=189
essential_inlier_count=142
inlier_count=142
inlier_ratio=0.7513227513227513
grid_coverage=0.5416666666666666
hull_coverage=0.47422347140698895
parallax_deg=3.5419702533936754
homography_ratio=0.6984126984126984
planar_degenerate=False
model_epi_px=0.36514677378493854
quality_penalty=0.0
quality_ok=True
strong=True
marker_rt_feature_epi_px=4.405902883099177
final_feature_epi_px=0.4714152404219644
final_feature_inlier_p90_px=0.999213710449215
final_feature_all_p90_px=4.669264972906961
final_feature_holdout_median_px=0.6013498136601287
marker_bidir_rms_px=0.3720933018781998
marker_left_to_right_rms_px=0.39903989477972157
marker_right_to_left_rms_px=0.3430364601313263
marker_bidir_max_px=0.6186676953435963
marker_pnp_self_reproj_px=0.27828171849250793
joint_solution_role=joint_from_marker_w12
feature_rot_agreement_deg=1.8062602289789207
pair_score=0.9283695699273663
combined_score=0.3535811490641396
sharpness_min=54.8554969764495
marker_coverage=0.00045557971412648615

[ACTIVE_THRESHOLDS]
sift_max_keypoints=800
sift_contrast_threshold=0.01
match_ratio=0.75
ransac_threshold_px=0.75
min_matches=11
min_inlier_ratio=0.28
min_grid_coverage=0.16666666666666666
min_hull_coverage=0.02
min_parallax_deg=1.0
strong_inliers=40
strong_grid_coverage=0.25

final_feature_inlier_px=1.5
final_feature_p90_max_px=1.25
marker_bidir_rms_max_px=1.5
marker_bidir_point_max_px=2.0

[FINAL_RT_LEFT_TO_RIGHT]
R0=0.999998424112 -0.0010495621467 0.0014318493608
R1=0.00105517492736 0.999991741067 -0.00392484450019
R2=-0.00142771816704 0.00392634916662 0.999991272663
t_mm=-22.8133654739 1.70781603363 0.92396462078

[GRID_COUNTS_6x4]
raw_keypoints_left
   103  215  243    0    0    0
    15  168   47    0    0    0
     0    0    0    0    0    0
     0    0    0    0    0    0
raw_keypoints_right
   121  163  253    0    0    0
     9  198   47    0    0    0
     0    0    0    0    0    0
     0    0    0    0    0    0
balanced_candidates_left
     1   19   24   21    9   24
     1    3    3   19    7   20
     0    0    2   24    1    0
     0    0    1    3    3    4
balanced_candidates_right
     2   24   19   21   13   20
     1    3    8   10    7   20
     0    0   14   15    1    0
     0    0    3    4    4    0
essential_inliers_left
     0   14   20   13    6   22
     0    0    2   14    7   17
     0    0    2   22    0    0
     0    0    1    1    0    1
essential_inliers_right
     0   18   16   13    9   19
     0    0    8    5    7   17
     0    0   13   14    0    0
     0    0    2    0    1    0
recoverpose_inliers_left
     0   14   20   13    6   22
     0    0    2   14    7   17
     0    0    2   22    0    0
     0    0    1    1    0    1
recoverpose_inliers_right
     0   18   16   13    9   19
     0    0    8    5    7   17
     0    0   13   14    0    0
     0    0    2    0    1    0
joint_optimization_left
     0   13   16    9    6   17
     0    0    2   10    5   13
     0    0    0   20    0    0
     0    0    0    1    0    1
joint_optimization_right
     0   16   13    9    9   14
     0    0    5    5    5   13
     0    0    9   13    0    0
     0    0    1    0    1    0
holdout_left
     0    1    4    4    0    5
     0    0    0    4    2    4
     0    0    2    2    0    0
     0    0    1    0    0    0
holdout_right
     0    2    3    4    0    5
     0    0    3    0    2    4
     0    0    4    1    0    0
     0    0    1    0    0    0
final_rt_inliers_left
     0   13   20   13    6   22
     0    0    2   14    7   17
     0    0    2   21    0    0
     0    0    0    0    0    0
final_rt_inliers_right
     0   17   16   13    9   19
     0    0    8    5    7   17
     0    0   13   13    0    0
     0    0    0    0    0    0

[MATCH_TABLE]
index,left_x,left_y,right_x,right_y,essential_inlier,recoverpose_inlier,optimization_used,holdout,final_rt_inlier,final_epipolar_px
1,1172.034668,83.752113,1145.172974,84.008675,1,1,0,1,1,0.260108
2,1172.034668,83.752113,1145.172974,84.008675,1,1,1,0,1,0.260108
3,1179.257568,373.732025,1137.218384,375.480743,1,1,1,0,1,0.426408
4,473.697815,176.657074,430.289673,178.114151,1,1,1,0,1,0.626182
5,290.695618,388.918823,239.855606,386.237091,0,0,0,0,0,5.191628
6,1001.435852,309.870209,958.472473,311.798157,1,1,1,0,1,0.241065
7,464.042603,163.069580,420.834198,164.211090,1,1,0,1,1,0.910352
8,1134.682983,361.372681,1091.745850,363.392670,1,1,1,0,1,0.212672
9,686.107117,445.785156,630.389526,448.116821,1,1,1,0,1,0.593685
10,464.042603,163.069580,420.834198,164.211090,1,1,1,0,1,0.910352
11,1002.112549,334.897003,958.136353,336.993927,1,1,1,0,1,0.162719
12,686.107117,445.785156,630.389526,448.116821,1,1,0,1,1,0.593685
13,473.697815,176.657074,430.289673,178.114151,1,1,1,0,1,0.626182
14,1178.683594,81.078491,1151.671997,80.076508,0,0,0,0,0,0.994021
15,417.128143,97.619377,380.738281,99.458862,1,1,1,0,1,0.671096
16,285.563416,179.304062,239.555908,180.089905,1,1,1,0,0,1.632757
17,1001.435852,309.870209,958.472473,311.798157,1,1,1,0,1,0.241065
18,1150.711670,190.815948,1123.735352,192.592438,1,1,0,1,1,1.351577
19,417.128143,97.619377,380.738281,99.458862,1,1,1,0,1,0.671096
20,827.767822,688.280151,758.933960,690.812622,1,1,1,0,1,0.109597
21,1129.530273,119.246582,1103.944092,119.176834,1,1,1,0,1,0.059090
22,1002.112549,334.897003,958.136353,336.993927,1,1,1,0,1,0.162719
23,698.098816,142.279037,660.227966,143.355148,1,1,0,1,1,0.313155
24,294.891907,403.034607,261.943787,355.626434,0,0,0,0,0,47.948829
25,706.236145,520.353638,646.619080,522.981995,1,1,1,0,1,0.307535
26,479.541107,190.220886,435.903595,191.742416,1,1,1,0,1,0.592546
27,1158.015747,47.544540,1132.166870,48.186756,1,1,1,0,1,0.941301
28,1146.732910,71.989883,1120.466797,72.561363,1,1,1,0,1,0.703832
29,324.788147,174.070190,282.711731,173.780136,0,0,0,0,0,2.233289
30,496.871124,184.422440,452.793793,185.352036,1,1,0,1,1,1.227083
31,1096.281006,150.495438,1064.231812,152.430511,1,1,1,0,1,1.104559
32,417.920105,73.045258,382.642822,74.170578,1,1,1,0,1,0.156418
33,1155.472290,159.935165,1129.321167,160.484344,1,1,1,0,1,0.323677
34,416.913239,169.143845,375.165314,171.111862,1,1,1,0,1,0.067915
35,814.518616,530.607361,756.134338,532.208191,1,1,0,1,1,1.267855
36,667.813293,582.858582,601.976685,585.719177,1,1,1,0,1,0.172870
37,1090.189331,45.181534,1060.921143,45.138134,1,1,1,0,1,0.118569
38,1153.582764,128.266617,1129.826660,127.857521,1,1,1,0,1,0.236810
39,1161.177002,370.861084,1118.370483,372.691925,1,1,1,0,1,0.403157
40,1114.112549,356.493256,1070.689331,358.601105,1,1,0,1,1,0.158842
41,481.984650,284.629303,432.272980,286.957520,1,1,1,0,1,0.390682
42,482.974365,164.821152,439.589569,165.985138,1,1,1,0,1,0.906630
43,497.101288,94.989136,461.338715,96.486153,1,1,1,0,1,0.433490
44,640.023987,824.864624,557.121948,830.145752,1,1,1,0,0,3.369402
45,324.373840,116.225952,282.261963,139.129822,0,0,0,0,0,20.817769
46,597.991516,825.473145,516.659851,830.325378,1,1,0,1,0,3.102961
47,532.170959,170.207886,489.104797,171.676743,1,1,1,0,1,0.564878
48,1179.257568,373.732025,1137.218384,375.480743,1,1,1,0,1,0.426408
49,373.572540,94.156868,335.889587,96.071259,1,1,1,0,1,0.580834
50,856.867249,765.512817,782.990601,779.288940,0,0,0,0,0,11.473511
51,496.871124,184.422440,452.793793,185.352036,1,1,1,0,1,1.227083
52,653.123474,509.973785,591.206909,512.363953,1,1,0,1,1,0.756917
53,1127.139893,106.345871,1101.696045,106.832954,1,1,1,0,1,0.564676
54,1113.469482,127.193878,1088.100220,128.030273,1,1,1,0,1,0.837275
55,792.280945,658.330139,723.745422,661.766724,1,1,1,0,1,0.622431
56,390.386078,110.017960,351.643890,111.691498,1,1,1,0,1,0.190280
57,411.670227,151.751663,369.147034,153.978195,1,1,0,1,1,0.244514
58,659.554260,567.285461,593.912354,570.235474,1,1,1,0,1,0.165216
59,785.747437,827.044739,711.103333,834.771057,0,0,0,0,0,6.098150
60,761.214233,139.667542,726.585388,141.861603,0,0,0,0,0,1.171952
61,714.194763,122.172470,678.635620,124.625084,0,0,0,0,0,1.364365
62,541.086426,113.500679,502.897614,114.331276,1,1,1,0,1,0.550380
63,492.044861,169.377014,449.651031,171.420029,1,1,1,0,1,0.078688
64,417.920105,73.045258,382.642822,74.170578,1,1,1,0,1,0.156418
65,435.458893,132.803833,405.596863,137.822250,0,0,0,0,0,4.538674
66,1148.190308,38.937580,1122.412476,39.423615,1,1,0,1,1,0.842176
67,907.729431,186.390182,871.612793,188.151794,1,1,1,0,1,0.451338
68,753.593933,124.392410,717.556641,125.695206,1,1,1,0,1,0.162157
69,1167.350952,100.696770,1141.064087,100.149765,1,1,1,0,1,0.545494
70,693.469116,127.358345,656.197754,128.811798,1,1,1,0,1,0.161360
71,606.318115,101.173485,569.728699,85.018906,0,0,0,0,0,17.162757
72,480.217438,200.042114,437.393250,201.068924,1,1,0,1,1,0.994238
73,1200.457520,91.901161,1173.698364,92.049393,1,1,1,0,1,0.117835
74,676.001831,507.374481,614.830261,509.929718,1,1,1,0,1,0.558519
75,756.604065,648.033142,687.816772,653.023865,0,0,0,0,0,2.120826
76,1150.773560,356.654633,1108.338379,358.425415,1,1,1,0,1,0.427967
77,396.908508,68.377434,360.433807,69.131660,1,1,1,0,1,0.355621
78,1204.455811,126.700638,1179.748901,127.259003,1,1,0,1,1,0.601350
79,739.980591,512.513794,680.067444,514.622314,1,1,1,0,1,0.918474
80,1170.679443,356.084991,1129.653809,358.050323,1,1,1,0,1,0.117003
81,1143.611816,158.594345,1117.164551,159.230637,1,1,1,0,1,0.387759
82,669.402405,531.564453,607.939209,534.093384,1,1,1,0,1,0.471415
83,1064.275757,333.541718,1021.822693,335.670105,1,1,0,1,1,0.022841
84,425.848572,155.838516,384.838501,158.064850,1,1,1,0,1,0.421199
85,1110.650269,115.805962,1085.445679,116.087059,1,1,1,0,1,0.353025
86,1143.881592,136.928787,1117.866821,136.836838,1,1,1,0,1,0.205976
87,1060.447266,326.990448,1017.971313,328.911682,1,1,1,0,1,0.230661
88,1200.457520,91.901161,1173.698364,92.049393,1,1,0,1,1,0.117835
89,746.837952,511.615997,686.838989,513.653320,1,1,1,0,1,1.006678
90,1167.769409,363.555176,1125.859131,365.199310,1,1,1,0,1,0.514737
91,726.765625,103.037239,691.828064,104.399315,1,1,1,0,1,0.405751
92,1053.432861,62.322521,1022.156860,58.276405,0,0,0,0,0,4.395431
93,739.545898,519.618713,678.954468,521.772156,1,1,1,0,1,0.893604
94,1176.376709,280.722046,1139.126221,280.328735,0,0,0,0,0,2.070185
95,693.831848,113.114227,657.730164,115.292122,1,1,0,1,1,1.050002
96,659.221497,585.592529,592.461121,588.685730,1,1,1,0,1,0.013255
97,719.994934,530.521118,659.765015,533.163879,1,1,1,0,1,0.300715
98,1167.350952,100.696770,1141.064087,100.149765,1,1,1,0,1,0.545494
99,578.604431,60.906681,557.909363,57.439468,0,0,0,0,0,2.518348
100,770.274841,585.301331,706.299805,588.792114,1,1,1,0,1,0.525062
101,1174.931274,365.019745,1132.808594,366.529053,1,1,0,1,1,0.673654
102,1180.243042,356.131287,1139.280151,359.121368,0,0,0,0,0,0.901936
103,1160.420044,362.297211,1117.685791,364.056061,1,1,1,0,1,0.472425
104,529.584473,138.398483,489.597992,139.277573,1,1,1,0,1,0.759185
105,699.250854,606.560425,637.430847,598.321533,0,0,0,0,0,10.831672
106,1116.583374,942.593384,1042.484497,946.791992,1,1,1,0,0,3.225189
107,875.985962,818.195251,801.781128,823.821777,0,0,0,0,0,3.773502
108,1007.408386,125.896049,976.431091,127.214134,1,1,1,0,1,0.718860
109,717.058533,130.877777,681.180481,133.185104,0,0,0,0,0,1.162669
110,946.200989,868.470398,872.210266,871.495361,0,0,0,0,0,1.579011
111,696.630798,536.008057,636.247742,538.570251,1,1,0,1,1,0.344817
112,726.283142,504.337982,666.751587,506.681427,1,1,1,0,1,0.682283
113,400.618134,136.140045,362.501892,139.700592,0,0,0,0,0,2.101979
114,1090.189331,45.181534,1060.921143,45.138134,1,1,1,0,1,0.118569
115,1086.147095,174.806793,1052.668823,174.010925,0,0,0,0,0,1.829799
116,324.788147,174.070190,282.711731,173.780136,0,0,0,0,0,2.233289
117,811.569153,729.527649,738.399963,734.386230,1,1,1,0,0,2.304463
118,675.178833,563.841125,611.202332,566.514771,1,1,1,0,1,0.342929
119,664.909607,498.093658,604.729431,500.376373,1,1,0,1,1,0.786370
120,715.663269,144.102386,678.000793,146.322647,1,1,1,0,1,0.842412
121,535.088806,126.575127,494.931519,127.124039,1,1,1,0,1,1.088036
122,420.743164,230.134796,378.757446,231.153442,1,1,1,0,1,0.909457
123,827.276855,168.095795,790.750916,170.221100,1,1,1,0,1,0.819549
124,497.336548,210.093201,451.449097,211.979980,1,1,0,1,1,0.482270
125,711.867981,537.646362,650.976257,539.917480,1,1,1,0,1,0.680940
126,760.861328,541.173218,699.589172,543.077698,1,1,1,0,1,1.099780
127,675.152466,659.735596,604.702576,663.390625,1,1,1,0,1,0.846059
128,742.299255,121.015892,706.039673,121.879738,1,1,1,0,1,0.290631
129,1060.447266,326.990448,1017.971313,328.911682,1,1,0,1,1,0.230661
130,492.778015,115.685013,455.067657,116.727013,1,1,1,0,1,0.296629
131,678.668030,682.607849,605.973328,685.876404,1,1,1,0,1,0.489764
132,697.932617,511.583862,638.028320,514.428894,1,1,1,0,1,0.154997
133,457.046387,46.597759,422.757751,47.866276,1,1,1,0,1,0.508642
134,875.985962,818.195251,801.781128,823.821777,0,0,0,0,0,3.773502
135,762.787964,153.538895,726.054321,155.789566,1,1,0,1,1,0.957444
136,373.242218,45.778503,336.850891,46.041096,1,1,1,0,1,0.782850
137,664.737549,617.246216,596.822693,621.394531,1,1,1,0,1,1.203354
138,390.386078,110.017960,351.643890,111.691498,1,1,1,0,1,0.190280
139,1201.467896,284.051483,1170.484619,285.871460,1,1,1,0,1,0.733360
140,385.635376,153.284546,345.709229,153.315842,0,0,0,0,0,1.636598
141,594.735107,602.759766,527.842773,605.504700,1,1,0,1,1,0.164742
142,1114.112549,356.493256,1070.689331,358.601105,1,1,1,0,1,0.158842
143,1023.947388,232.833557,986.710876,233.925385,1,1,1,0,1,0.451449
144,451.116577,53.262665,415.835846,53.780289,1,1,1,0,1,0.381554
145,731.342590,528.851379,670.661804,531.646851,1,1,1,0,1,0.203796
146,776.329895,467.191040,720.838989,472.250214,0,0,0,0,0,2.175594
147,769.712891,151.688370,733.407410,153.581528,1,1,0,1,1,0.654420
148,779.313782,686.596313,709.131714,690.463074,1,1,1,0,1,1.179815
149,747.853394,150.058090,710.811646,151.482147,1,1,1,0,1,0.110049
150,801.953003,169.737671,829.388062,183.459198,0,0,0,0,0,19.448168
151,727.701294,458.219971,672.558533,460.179504,1,1,1,0,1,0.890153
152,1240.176392,819.055176,1165.659058,325.783630,0,0,0,0,0,495.644748
153,518.442688,98.337692,482.652435,99.091522,1,1,1,0,1,0.310137
154,694.728943,492.700378,635.722656,495.151093,1,1,0,1,1,0.564711
155,1049.018555,165.489120,1015.623657,165.527939,1,1,1,0,1,0.953713
156,754.877014,138.076782,718.744507,139.765686,1,1,1,0,1,0.502012
157,981.087769,185.140747,945.954102,185.959885,1,1,1,0,1,0.395723
158,651.717346,784.622864,570.858215,790.479858,0,0,0,0,0,3.591884
159,745.761536,505.242798,686.360046,507.542999,1,1,1,0,1,0.724499
160,1176.196289,273.179138,1142.196655,274.228485,1,1,0,1,1,0.300488
161,181.871658,289.415955,162.230621,275.071350,0,0,0,0,0,13.717849
162,701.070129,172.865463,661.444214,174.320740,1,1,1,0,1,0.187191
163,1193.095703,270.735931,1161.729370,271.412262,1,1,1,0,1,0.413956
164,885.790222,77.670204,914.291626,90.699097,0,0,0,0,0,19.529669
165,526.070312,113.420486,487.758942,112.038048,0,0,0,0,0,2.762546
166,1196.708862,304.142761,1162.349854,305.739929,1,1,1,0,1,0.156223
167,637.784607,439.273376,582.150391,441.836884,1,1,1,0,1,0.353304
168,1148.494385,383.192108,1104.346680,384.315430,1,1,0,1,1,1.212217
169,730.709473,147.703217,693.806824,150.524826,0,0,0,0,0,1.518675
170,1263.596069,872.130554,1011.323608,838.005920,0,0,0,0,0,45.885454
171,691.621094,125.509605,718.744507,139.765686,0,0,0,0,0,20.330035
172,788.475220,469.626160,732.894714,470.851105,0,0,0,0,0,1.658119
173,724.688171,494.195221,665.946411,496.700378,1,1,1,0,1,0.501481
174,774.335327,495.869202,715.279968,497.013947,0,0,0,0,0,1.915452
175,396.352356,470.564514,351.161133,464.656433,0,0,0,0,0,7.598039
176,775.702454,500.231323,717.819580,501.743622,1,1,1,0,1,1.428972
177,640.580139,464.508606,583.190613,466.854218,1,1,1,0,1,0.624286
178,91.780113,61.683178,149.550781,19.093363,0,0,0,0,0,31.192022
179,1087.509766,992.938049,1035.557007,979.741943,0,0,0,0,0,12.639962
180,1230.182251,272.620239,109.366966,222.692200,0,0,0,0,0,167.123137
181,790.508911,477.635590,734.724487,478.501434,0,0,0,0,0,2.003520
182,1017.962402,185.351181,984.154907,187.587524,0,0,0,0,0,1.143058
183,790.508911,477.635590,734.724487,478.501434,0,0,0,0,0,2.003520
184,748.899780,107.393829,744.507202,114.298279,0,0,0,0,0,9.471391
185,1020.660522,147.500534,989.643921,149.305908,1,1,1,0,1,1.124449
186,552.205017,426.558868,1059.593872,702.590576,0,0,0,0,0,317.996784
187,717.058533,130.877777,681.180481,133.185104,0,0,0,0,0,1.162669
188,615.653015,569.932556,551.743530,572.914734,1,1,0,1,1,0.060596
189,1167.001587,364.919525,1124.879883,366.763336,1,1,1,0,1,0.334381
