=== RT SIFT DIAGNOSTICS ===
This report describes the selected best frame pair only.
Coordinates are undistorted display pixels: frame_B/UI-left -> frame_A/UI-right.

[SELECTED_PAIR]
video=SU01\video_20260729_135526.mp4
frame_left_B=1
frame_right_A=0
shared_markers=1
baseline_mm=20.061983
rt_sift_role=final_rt
rt_sift_applied=True
rt_reliable=True

[PIPELINE_COUNTS]
left_keypoint_count=791
right_keypoint_count=785
left_descriptor_count=791
right_descriptor_count=785
knn_pair_count=791
ratio_pass_count=174
mutual_pass_count=163
spatially_balanced_count=114
essential_ransac_inlier_count=68
recoverpose_inlier_count=68
final_rt_sift_point_count=54
final_rt_feature_inlier_count=66
final_rt_feature_outlier_count=48

[FEATURE_QUALITY]
match_count=114
essential_inlier_count=68
inlier_count=68
inlier_ratio=0.5964912280701754
grid_coverage=0.2916666666666667
hull_coverage=0.15548803727822608
parallax_deg=8.19724665581654
homography_ratio=0.5175438596491229
planar_degenerate=False
model_epi_px=0.49078876930859394
quality_penalty=0.0
quality_ok=True
strong=True
marker_rt_feature_epi_px=41.75553246729803
final_feature_epi_px=0.3443823787649823
final_feature_inlier_p90_px=0.863490106463904
final_feature_all_p90_px=7.893824047294327
final_feature_holdout_median_px=0.34963072352993274
marker_bidir_rms_px=0.5290216489284222
marker_left_to_right_rms_px=0.4899084623008013
marker_right_to_left_rms_px=0.5654356803704184
marker_bidir_max_px=0.7446288428992708
marker_pnp_self_reproj_px=0.288945734500885
joint_solution_role=joint_from_marker_w1
feature_rot_agreement_deg=68.28326937404714
pair_score=1.0651265518589241
combined_score=0.8701964558732722
sharpness_min=63.621503263986085
marker_coverage=0.0006503737828026601

[ACTIVE_THRESHOLDS]
sift_max_keypoints=800
sift_contrast_threshold=0.01
match_ratio=0.75
ransac_threshold_px=0.75
min_matches=11
min_inlier_ratio=0.28
min_grid_coverage=0.16666666666666666
min_hull_coverage=0.02
min_parallax_deg=1.0
strong_inliers=40
strong_grid_coverage=0.25

final_feature_inlier_px=1.5
final_feature_p90_max_px=1.25
marker_bidir_rms_max_px=1.5
marker_bidir_point_max_px=2.0

[FINAL_RT_LEFT_TO_RIGHT]
R0=0.999983217422 4.55772628991e-05 -0.00579334066484
R1=-5.81104166764e-05 0.999997658543 -0.00216322256484
R2=0.00579322850622 0.00216352291383 0.999980878653
t_mm=-20.0429961546 0.822492606782 -0.291505001081

[GRID_COUNTS_6x4]
raw_keypoints_left
    35   66  172    0    0    0
     2  292  224    0    0    0
     0    0    0    0    0    0
     0    0    0    0    0    0
raw_keypoints_right
    43  132  114    0    0    0
    16  389   91    0    0    0
     0    0    0    0    0    0
     0    0    0    0    0    0
balanced_candidates_left
     0    6    3    0    0   11
     0    0    1   16   24    1
     0    0    1   16   24    3
     0    0    1    4    2    1
balanced_candidates_right
     0    7    2    0    0   12
     0    1    4   24   13    0
     0    0    2   24   18    0
     0    0    1    5    0    1
essential_inliers_left
     0    0    0    0    0    8
     0    0    0   12   16    0
     0    0    0   10   18    2
     0    0    0    2    0    0
essential_inliers_right
     0    0    0    0    0    8
     0    0    2   15   10    0
     0    0    2   16   12    0
     0    0    0    3    0    0
recoverpose_inliers_left
     0    0    0    0    0    8
     0    0    0   12   16    0
     0    0    0   10   18    2
     0    0    0    2    0    0
recoverpose_inliers_right
     0    0    0    0    0    8
     0    0    2   15   10    0
     0    0    2   16   12    0
     0    0    0    3    0    0
joint_optimization_left
     0    0    0    0    0    7
     0    0    0    7   14    0
     0    0    0    9   13    2
     0    0    0    2    0    0
joint_optimization_right
     0    0    0    0    0    7
     0    0    1   10   10    0
     0    0    2   12    9    0
     0    0    0    3    0    0
holdout_left
     0    0    0    0    0    1
     0    0    0    5    2    0
     0    0    0    1    5    0
     0    0    0    0    0    0
holdout_right
     0    0    0    0    0    1
     0    0    1    5    0    0
     0    0    0    4    3    0
     0    0    0    0    0    0
final_rt_inliers_left
     0    0    0    0    0    7
     0    0    0   11   16    0
     0    0    0   10   18    2
     0    0    0    2    0    0
final_rt_inliers_right
     0    0    0    0    0    7
     0    0    2   14   10    0
     0    0    2   16   12    0
     0    0    0    3    0    0

[MATCH_TABLE]
index,left_x,left_y,right_x,right_y,essential_inlier,recoverpose_inlier,optimization_used,holdout,final_rt_inlier,final_epipolar_px
1,1015.432312,421.152161,876.014221,357.845673,0,0,0,0,0,68.277684
2,1039.667480,460.103668,961.938293,464.686218,0,0,0,0,0,2.243286
3,386.935364,168.305573,315.911652,172.254440,0,0,0,0,0,4.531919
4,1059.892334,638.689941,968.138245,640.066223,1,1,0,1,1,1.263934
5,582.867126,551.977417,576.946655,488.847168,0,0,0,0,0,62.043089
6,302.862457,241.411804,227.152924,242.999039,0,0,0,0,0,1.701097
7,500.794739,132.539612,438.151001,134.307022,0,0,0,0,0,2.410869
8,1065.324707,558.307983,978.560974,562.359741,0,0,0,0,0,1.472987
9,417.472198,136.807343,351.216827,133.853104,0,0,0,0,0,2.043585
10,1040.809448,670.118835,945.718994,677.193237,0,0,0,0,0,4.304612
11,821.034973,380.890289,741.084229,383.742218,0,0,0,0,0,0.642505
12,1069.464478,640.117493,980.682922,642.407776,1,1,1,0,1,0.176675
13,952.412170,595.597717,859.359863,598.416870,1,1,1,0,1,0.130242
14,570.891602,136.324051,490.837341,138.176102,0,0,0,0,0,1.530457
15,401.564484,143.711578,334.346130,142.821838,0,0,0,0,0,0.004497
16,858.861633,571.569702,766.977600,574.993164,1,1,1,0,1,0.427435
17,1017.075134,569.729004,927.616272,572.798584,1,1,1,0,1,0.335632
18,881.220886,441.087769,796.524841,443.252380,1,1,0,1,1,0.407143
19,1115.904541,565.240845,1030.833740,568.644531,1,1,1,0,1,0.975211
20,762.716370,461.921051,674.921814,464.886139,1,1,1,0,1,0.298828
21,1164.647583,61.862865,1112.061890,63.703781,0,0,0,0,0,0.215843
22,1218.221313,154.378387,1156.407471,156.472260,1,1,1,0,1,0.426773
23,905.963196,929.813354,830.821289,912.634216,0,0,0,0,0,18.566006
24,789.864685,499.028839,699.139465,501.566193,1,1,1,0,1,0.347527
25,845.636536,446.208435,758.908752,448.559052,1,1,0,1,1,0.292118
26,967.659424,525.223511,879.048828,527.246887,0,0,0,0,0,0.754306
27,801.042480,473.778656,712.887085,474.925781,0,0,0,0,0,1.575902
28,851.881348,482.737915,765.093567,486.678772,0,0,0,0,0,1.245244
29,1088.625610,600.304810,1000.447571,601.467773,0,0,0,0,0,1.353163
30,1014.110535,524.696655,927.546753,526.908081,1,1,1,0,1,0.451083
31,925.341125,349.494080,849.132507,350.765503,1,1,1,0,1,0.905576
32,839.036926,945.061646,746.231628,925.913818,0,0,0,0,0,21.886983
33,952.079895,569.935181,860.813904,572.913879,1,1,1,0,1,0.094821
34,866.125427,323.646820,796.032227,324.507507,0,0,0,0,0,0.913218
35,835.707397,694.400757,735.170898,697.427979,1,1,1,0,1,0.461308
36,969.447266,540.616699,879.226257,543.461731,1,1,0,1,1,0.002317
37,964.509827,548.759399,873.597290,550.683655,0,0,0,0,0,0.947729
38,858.861633,571.569702,766.977600,574.993164,1,1,1,0,1,0.427435
39,764.593323,390.290405,685.784241,393.570099,0,0,0,0,0,1.180519
40,961.220703,523.881592,872.974915,525.507141,0,0,0,0,0,1.137902
41,946.901550,581.682800,853.393799,585.943054,1,1,1,0,1,1.269769
42,940.633850,574.052002,850.175781,576.618896,1,1,1,0,1,0.285302
43,956.412170,413.965149,877.232849,416.745758,1,1,1,0,1,0.401000
44,931.121277,578.492432,840.446899,581.121521,1,1,0,1,1,0.240246
45,898.264038,373.034363,824.550598,378.783142,0,0,0,0,0,3.693987
46,823.656738,479.361084,735.654297,480.919128,1,1,1,0,1,1.176508
47,935.735962,567.412720,845.253784,569.933350,1,1,1,0,1,0.341238
48,918.110168,467.443573,832.209412,469.202820,0,0,0,0,0,0.903199
49,931.533997,624.206726,834.564941,627.902039,1,1,1,0,1,0.545319
50,1214.377075,167.009094,1153.580444,168.648788,1,1,1,0,1,0.808416
51,884.255432,461.919556,797.414795,461.365631,0,0,0,0,0,3.237892
52,1237.117065,130.299393,1171.471802,135.352905,0,0,0,0,0,2.281585
53,734.978149,420.015808,657.432922,420.235504,1,1,0,1,0,1.857990
54,1215.074585,144.679291,1153.952759,147.828033,1,1,1,0,1,0.650345
55,832.950256,390.197815,752.998718,392.176239,1,1,1,0,1,0.264580
56,720.821777,470.954529,633.325378,473.447998,1,1,1,0,1,0.157101
57,953.157776,501.770721,865.471069,504.704254,1,1,1,0,1,0.183130
58,928.466797,547.604919,840.046265,550.398865,1,1,0,1,1,0.016319
59,773.319702,556.377380,682.784119,557.129272,0,0,0,0,0,2.219178
60,1195.735962,107.988548,1137.283447,109.801674,1,1,1,0,1,0.556117
61,1198.583740,189.171432,1139.766724,191.053680,1,1,1,0,1,0.397673
62,814.472839,679.380371,715.485901,683.296570,1,1,1,0,1,0.462085
63,854.102051,402.875732,772.532166,404.653381,1,1,1,0,1,0.583276
64,1218.221313,154.378387,1157.416260,156.903259,1,1,0,1,1,0.040756
65,991.075684,467.428772,907.385803,470.241882,1,1,1,0,1,0.225928
66,819.628723,856.703674,708.853638,860.914856,1,1,1,0,1,0.179986
67,1227.000366,89.742271,1161.996216,96.865608,0,0,0,0,0,4.364396
68,994.012695,460.529510,910.463318,463.142120,1,1,1,0,1,0.026592
69,943.916138,429.172943,862.611206,431.217438,1,1,1,0,1,0.418498
70,954.978333,540.531555,864.933838,542.786194,1,1,0,1,1,0.587560
71,615.709106,792.794189,532.007141,842.237427,0,0,0,0,0,46.082778
72,819.628723,856.703674,708.853638,860.914856,1,1,1,0,1,0.179986
73,880.850891,515.204529,795.140320,517.282410,1,1,1,0,1,0.589614
74,964.394531,603.998962,871.409973,606.444824,1,1,1,0,1,0.475909
75,876.693787,447.753937,791.362549,450.649353,1,1,1,0,1,0.291038
76,997.838989,454.080292,915.755676,455.695282,0,0,0,0,0,0.909928
77,806.412109,526.489685,714.738708,528.949402,1,1,0,1,1,0.512042
78,1076.146973,312.479889,1185.215820,846.677551,0,0,0,0,0,541.002192
79,783.925171,487.138947,694.822144,490.000946,1,1,1,0,1,0.074016
80,939.001282,475.538391,852.677429,477.328583,0,0,0,0,0,0.899416
81,952.801941,610.582153,858.679871,613.562500,1,1,1,0,1,0.007303
82,877.253235,434.210785,790.334229,436.947754,1,1,1,0,1,0.076033
83,943.916138,429.172943,862.611206,431.217438,1,1,1,0,1,0.418498
84,929.819031,565.185120,839.835571,566.978210,0,0,0,0,0,1.050226
85,711.295898,894.545227,1258.329468,184.295502,0,0,0,0,0,681.597022
86,846.665100,400.887756,765.604797,403.214783,1,1,0,1,1,0.000557
87,823.445496,590.039185,747.075256,583.064331,0,0,0,0,0,9.242077
88,891.869446,769.233154,799.198547,767.335144,0,0,0,0,0,4.747900
89,777.851868,532.756348,686.181824,534.739990,1,1,1,0,1,1.003616
90,1021.080872,487.447571,936.940308,489.759308,1,1,1,0,1,0.282061
91,960.320312,452.235779,876.886169,454.783447,1,1,1,0,1,0.021651
92,803.117432,661.915588,711.061829,661.432922,0,0,0,0,0,3.591698
93,315.828400,159.173676,270.647797,146.523804,0,0,0,0,0,10.665701
94,810.698303,692.039612,705.336426,695.601990,1,1,1,0,1,0.233905
95,894.906433,448.547058,811.645386,451.230194,1,1,0,1,1,0.159244
96,1022.233459,502.827148,937.326294,505.192993,1,1,1,0,1,0.244665
97,820.048096,466.697571,734.000183,468.058380,1,1,1,0,1,1.264470
98,497.615662,378.477600,438.262054,350.806671,0,0,0,0,0,28.345064
99,827.572266,767.860168,721.386230,771.705139,1,1,1,0,1,0.046909
100,1025.293945,479.058838,943.446350,482.202545,1,1,1,0,1,0.644710
101,739.706116,632.076172,642.429260,633.368652,0,0,0,0,0,2.158026
102,822.278564,511.017334,732.342651,513.063110,1,1,0,1,1,0.821404
103,849.060059,557.335999,760.169739,561.707642,0,0,0,0,0,1.517771
104,750.906616,632.040161,652.667053,633.979614,0,0,0,0,0,1.544446
105,787.244385,569.274597,695.382751,572.199829,1,1,1,0,1,0.122844
106,846.313293,744.415222,743.709167,748.776428,1,1,1,0,1,0.802991
107,1244.295776,137.908310,1176.797241,142.807495,1,1,1,0,0,2.043789
108,418.160339,63.545872,355.200317,58.007576,0,0,0,0,0,3.872706
109,1178.071533,100.464050,1125.693481,102.038193,1,1,1,0,1,0.512374
110,722.938416,486.429382,632.394836,488.714233,1,1,0,1,1,0.546399
111,694.648071,513.876953,602.710693,516.715881,1,1,1,0,1,0.128124
112,726.208679,549.241882,632.508301,552.112000,1,1,1,0,1,0.264664
113,475.285736,127.845734,378.763123,137.709076,0,0,0,0,0,9.462316
114,1170.789673,921.990112,401.575531,384.865387,0,0,0,0,0,572.914963
