=== RT SIFT DIAGNOSTICS ===
This report describes the selected best frame pair only.
Coordinates are undistorted display pixels: frame_B/UI-left -> frame_A/UI-right.

[SELECTED_PAIR]
video=SU01\video_20260729_134158.mp4
frame_left_B=1
frame_right_A=0
shared_markers=1
baseline_mm=98.022584
rt_sift_role=validation_only
rt_sift_applied=False
rt_reliable=False

[PIPELINE_COUNTS]
left_keypoint_count=779
right_keypoint_count=781
left_descriptor_count=779
right_descriptor_count=781
knn_pair_count=779
ratio_pass_count=144
mutual_pass_count=125
spatially_balanced_count=118
essential_ransac_inlier_count=66
recoverpose_inlier_count=66
final_rt_sift_point_count=0
final_rt_feature_inlier_count=1
final_rt_feature_outlier_count=117

[FEATURE_QUALITY]
match_count=118
essential_inlier_count=66
inlier_count=66
inlier_ratio=0.559322033898305
grid_coverage=0.4166666666666667
hull_coverage=0.2210028014213951
parallax_deg=8.705662151235877
homography_ratio=0.3898305084745763
planar_degenerate=False
model_epi_px=0.3375921265457458
quality_penalty=0.0
quality_ok=True
strong=True
marker_rt_feature_epi_px=120.09230288492346
final_feature_epi_px=0.8323426471010742
final_feature_inlier_p90_px=0.8323426471010742
final_feature_all_p90_px=432.1874381836418
final_feature_holdout_median_px=372.3512228318961
marker_bidir_rms_px=0.7732415811933713
marker_left_to_right_rms_px=0.12390368351923871
marker_right_to_left_rms_px=1.0864865222280553
marker_bidir_max_px=1.1456332426353675
marker_pnp_self_reproj_px=0.6009643077850342
joint_solution_role=marker_only
feature_rot_agreement_deg=57.042111717330954
pair_score=0.8139207362724876
combined_score=0.7980463389136658
sharpness_min=72.34081258042715
marker_coverage=0.0018803882513012127

[ACTIVE_THRESHOLDS]
sift_max_keypoints=800
sift_contrast_threshold=0.01
match_ratio=0.75
ransac_threshold_px=0.75
min_matches=11
min_inlier_ratio=0.28
min_grid_coverage=0.16666666666666666
min_hull_coverage=0.02
min_parallax_deg=1.0
strong_inliers=40
strong_grid_coverage=0.25

final_feature_inlier_px=1.5
final_feature_p90_max_px=1.25
marker_bidir_rms_max_px=1.5
marker_bidir_point_max_px=2.0

[FINAL_RT_LEFT_TO_RIGHT]
R0=0.904160954646 0.260840465936 0.338312310482
R1=-0.427138624476 0.564519077369 0.706307869677
R2=-0.00675007955511 -0.783122252664 0.621831145737
t_mm=-57.1114421195 -65.2841778667 45.6583653128

[GRID_COUNTS_6x4]
raw_keypoints_left
    61  113  218    0    0    0
     1  139  247    0    0    0
     0    0    0    0    0    0
     0    0    0    0    0    0
raw_keypoints_right
    42  112  204    0    0    0
     2  335   86    0    0    0
     0    0    0    0    0    0
     0    0    0    0    0    0
balanced_candidates_left
     0    6    3    2   12   24
     0    2    3   16   11    3
     0    0    0   18   10    0
     0    0    0    5    2    1
balanced_candidates_right
     1    8    1    4   19   14
     0    1    6   19    5    2
     0    0    3   24    2    0
     0    0    2    6    0    1
essential_inliers_left
     0    0    0    1    9   19
     0    0    1    9    9    3
     0    0    0    6    8    0
     0    0    0    0    1    0
essential_inliers_right
     0    0    0    3   15   11
     0    0    1   15    4    1
     0    0    1   13    1    0
     0    0    0    1    0    0
recoverpose_inliers_left
     0    0    0    1    9   19
     0    0    1    9    9    3
     0    0    0    6    8    0
     0    0    0    0    1    0
recoverpose_inliers_right
     0    0    0    3   15   11
     0    0    1   15    4    1
     0    0    1   13    1    0
     0    0    0    1    0    0
joint_optimization_left
     0    0    0    0    7   14
     0    0    1    7    6    3
     0    0    0    6    8    0
     0    0    0    0    0    0
joint_optimization_right
     0    0    0    1   13    7
     0    0    1   11    3    1
     0    0    1   13    1    0
     0    0    0    0    0    0
holdout_left
     0    0    0    1    2    5
     0    0    0    2    3    0
     0    0    0    0    0    0
     0    0    0    0    1    0
holdout_right
     0    0    0    2    2    4
     0    0    0    4    1    0
     0    0    0    0    0    0
     0    0    0    1    0    0
final_rt_inliers_left
     0    0    0    0    0    0
     0    0    0    0    1    0
     0    0    0    0    0    0
     0    0    0    0    0    0
final_rt_inliers_right
     0    0    0    0    0    0
     0    0    0    1    0    0
     0    0    0    0    0    0
     0    0    0    0    0    0

[MATCH_TABLE]
index,left_x,left_y,right_x,right_y,essential_inlier,recoverpose_inlier,optimization_used,holdout,final_rt_inlier,final_epipolar_px
1,1163.797729,831.068542,1069.939697,923.255920,0,0,0,0,0,387.899408
2,622.919128,391.497650,535.033142,394.774292,0,0,0,0,0,66.695749
3,1125.266357,89.160774,1098.705322,89.049408,1,1,0,1,0,428.381109
4,621.971375,392.178375,533.849609,394.905884,1,1,0,0,0,66.363456
5,973.530273,485.667145,885.085693,487.983826,1,1,0,0,0,11.422319
6,1075.727661,92.323021,1047.086548,94.074860,1,1,0,0,0,427.590547
7,1139.256226,123.205627,1114.646118,123.269836,1,1,0,0,0,377.940701
8,951.044739,433.992737,870.319153,436.784241,1,1,0,1,0,36.264518
9,450.924438,60.973629,397.058990,61.209122,0,0,0,0,0,250.554470
10,1089.770752,267.871307,1035.568481,269.694794,1,1,0,0,0,182.801268
11,882.233459,103.260544,842.962830,104.585449,1,1,0,0,0,411.668425
12,292.824341,78.575500,225.445129,72.086380,0,0,0,0,0,10.093431
13,1089.770752,267.871307,1035.568481,269.694794,1,1,0,0,0,182.801268
14,1075.191284,244.801163,1023.837708,246.611603,1,1,0,0,0,213.878358
15,631.597961,386.088226,543.899597,390.838654,0,0,0,0,0,69.617148
16,882.233459,103.260544,842.962830,104.585449,1,1,0,1,0,411.668425
17,917.973755,430.972839,834.802185,433.318085,1,1,0,0,0,43.625476
18,853.222900,91.128456,846.371338,99.528709,0,0,0,0,0,444.235948
19,784.076355,624.135681,659.585815,628.180420,0,0,0,0,0,51.897769
20,375.591675,89.055794,313.573547,88.951721,0,0,0,0,0,123.009207
21,404.714172,130.214569,335.151978,131.016663,0,0,0,0,0,110.635593
22,925.676025,535.659424,822.807190,537.671936,1,1,0,0,0,39.033658
23,1109.280151,63.062500,1080.845093,60.809769,0,0,0,0,0,471.440337
24,963.842834,623.590210,850.029175,626.816711,1,1,0,0,0,108.681216
25,1035.658569,109.227303,1004.648071,111.111153,1,1,0,0,0,406.313996
26,272.519043,102.259018,201.605225,93.818390,0,0,0,0,0,36.630131
27,822.882690,484.025696,723.141235,488.019135,0,0,0,0,0,13.291151
28,917.141968,470.190460,827.982788,473.253510,1,1,0,1,0,12.225894
29,983.149536,515.191223,890.671692,516.688110,1,1,0,0,0,36.524246
30,1127.149414,76.620216,1100.304932,76.415871,1,1,0,0,0,446.528721
31,1058.071167,49.582748,1028.158569,50.064995,1,1,0,0,0,494.154033
32,1104.905151,230.607437,1057.812744,232.169113,1,1,0,0,0,228.219006
33,910.260376,505.819214,811.492432,510.467560,0,0,0,0,0,16.324365
34,1105.161865,108.997749,1076.649292,110.761925,1,1,0,1,0,399.490661
35,1109.087158,117.185829,1081.337769,117.989288,1,1,0,0,0,388.928635
36,784.626648,702.402710,647.448181,703.980896,1,1,0,0,0,77.944614
37,930.977234,139.197830,888.897705,140.566589,1,1,0,0,0,363.093280
38,1024.421143,173.728256,981.086914,174.622726,1,1,0,0,0,313.713084
39,832.800903,672.169434,708.649353,678.989136,0,0,0,0,0,83.266694
40,797.998291,468.790070,699.130554,471.392303,1,1,0,1,0,25.957095
41,901.838318,516.810730,802.185303,520.323853,1,1,0,0,0,20.372802
42,805.881165,777.380615,659.656433,783.836487,0,0,0,0,0,107.788269
43,1065.640625,69.913887,1033.865967,79.723183,0,0,0,0,0,449.272692
44,1105.161865,108.997749,1076.649292,110.761925,1,1,0,0,0,399.490661
45,1088.041870,35.736103,1062.744141,36.197475,1,1,0,0,0,514.808596
46,688.140320,422.551666,595.806702,427.489319,0,0,0,0,0,55.431093
47,871.079407,473.870850,773.907104,475.271729,1,1,0,0,0,14.451377
48,1097.225952,44.043358,1072.755981,44.516796,1,1,0,1,0,501.137224
49,363.589874,94.299088,300.592499,95.185898,0,0,0,0,0,101.485419
50,1092.500122,248.699387,1041.548096,250.418167,1,1,0,0,0,206.506155
51,479.385712,70.967415,439.023804,57.128246,0,0,0,0,0,306.290889
52,789.886475,756.961975,645.668396,762.805054,0,0,0,0,0,95.440333
53,389.212067,72.849617,328.440948,71.933907,0,0,0,0,0,157.038888
54,887.861755,93.683876,910.723083,108.913940,0,0,0,0,0,457.592297
55,936.373535,591.279053,827.176270,595.696960,0,0,0,0,0,78.721126
56,1216.990723,219.896606,406.146362,44.248886,0,0,0,0,0,202.606333
57,849.298157,524.948486,748.477783,528.251160,1,1,0,0,0,12.586029
58,759.721191,612.332153,634.607483,616.706970,0,0,0,0,0,42.807888
59,1067.203613,77.545555,1036.727173,85.516182,0,0,0,0,0,441.068873
60,924.170044,566.883057,817.460510,569.429871,1,1,0,0,0,58.781964
61,759.379700,563.508972,643.770630,562.000366,0,0,0,0,0,18.311587
62,702.972412,429.156097,606.501221,432.279907,0,0,0,0,0,50.438114
63,775.387695,590.171814,657.064209,597.149536,0,0,0,0,0,36.640422
64,828.191589,827.674194,677.983704,822.400452,0,0,0,0,0,124.464021
65,1194.612061,154.933853,1164.274536,155.588455,1,1,0,0,0,317.934531
66,740.247925,401.945953,636.866394,408.399536,0,0,0,0,0,56.220743
67,1144.635620,117.220482,1117.941528,117.703865,1,1,0,1,0,383.592018
68,932.262573,407.316528,866.653198,445.635834,0,0,0,0,0,43.523195
69,470.516083,50.634571,1178.537598,282.217377,0,0,0,0,0,829.782099
70,933.693970,126.148285,894.085083,128.651550,0,0,0,0,0,380.894095
71,951.290771,796.713501,808.170776,803.384644,0,0,0,0,0,196.482915
72,768.633789,640.155823,641.499268,647.431702,0,0,0,0,0,54.884408
73,816.391418,507.831055,716.101807,511.830658,0,0,0,0,0,2.278262
74,1135.159058,100.169777,1109.633667,101.256554,1,1,0,0,0,409.749444
75,739.912659,511.818085,631.542297,513.803101,1,1,0,0,0,6.154976
76,813.926331,458.746948,718.911377,461.117371,1,1,0,0,0,32.697105
77,1239.713745,213.746353,1247.643066,236.889877,0,0,0,0,0,224.776377
78,1103.141479,33.232193,1079.107544,31.278664,0,0,0,0,0,520.563946
79,1206.822021,290.299744,1156.366089,291.575195,1,1,0,0,0,130.669161
80,873.612549,826.722290,721.960083,830.070129,1,1,0,1,0,157.915102
81,1092.500122,248.699387,1041.548096,250.418167,1,1,0,0,0,206.506155
82,877.675110,492.533905,779.484070,495.042267,1,1,0,0,1,0.832343
83,986.728760,731.338318,863.945129,742.897644,0,0,0,0,0,182.462812
84,824.175049,615.243225,708.851074,617.321167,1,1,0,0,0,53.448851
85,879.673889,505.651825,782.134460,508.844238,1,1,0,0,0,6.918936
86,1067.617554,50.357338,1038.739258,50.309937,1,1,0,1,0,493.256200
87,894.171509,605.140564,784.652771,608.395081,1,1,0,0,0,69.561478
88,745.223633,474.063538,644.186035,476.078674,1,1,0,0,0,26.803603
89,797.998291,468.790070,699.130554,471.392303,1,1,0,0,0,25.957095
90,996.289124,152.576584,955.389465,153.837463,1,1,0,0,0,344.619586
91,996.435425,140.657455,957.821045,142.613617,1,1,0,1,0,361.110428
92,1197.644775,170.693207,1167.386597,170.653824,1,1,0,0,0,296.631252
93,661.444153,877.255066,497.217316,882.043396,0,0,0,0,0,34.300392
94,934.739990,532.156494,833.565125,534.757019,1,1,0,0,0,38.909109
95,1104.905151,230.607437,1057.812744,232.169113,1,1,0,0,0,228.219006
96,996.289124,152.576584,955.389465,153.837463,1,1,0,0,0,344.619586
97,698.397888,81.289642,652.173767,82.888123,1,1,0,1,0,396.565951
98,843.877502,471.319031,746.770081,473.754333,1,1,0,0,0,19.923804
99,819.205811,411.819977,734.433289,414.821198,1,1,0,0,0,67.548653
100,842.108032,743.926941,831.905273,896.386902,0,0,0,0,0,97.911356
101,771.361511,675.780762,639.558594,671.089722,0,0,0,0,0,61.164100
102,807.977539,693.807007,676.343628,690.775391,0,0,0,0,0,79.386354
103,814.416260,538.851929,710.897949,540.773254,1,1,0,0,0,12.503872
104,773.554993,492.093414,673.696045,495.776581,0,0,0,0,0,16.358101
105,881.427307,521.727356,780.201477,523.259949,1,1,0,0,0,17.755048
106,274.806885,265.717010,230.607178,236.418564,0,0,0,0,0,3.860050
107,850.986633,431.771179,762.595093,433.705627,1,1,0,1,0,49.696675
108,403.717163,456.530426,351.287750,498.122681,0,0,0,0,0,28.430694
109,849.207825,575.260254,741.754150,576.901428,1,1,0,0,0,39.546594
110,848.219238,653.631775,730.145447,658.229492,0,0,0,0,0,78.155447
111,767.616028,789.370850,565.675964,856.865234,0,0,0,0,0,151.070996
112,845.489258,587.263489,737.263000,589.363403,1,1,0,0,0,44.286179
113,850.986633,431.771179,762.595093,433.705627,1,1,0,0,0,49.696675
114,851.619568,773.483215,707.376587,777.098755,0,0,0,0,0,129.377826
115,897.155151,452.592896,805.228699,455.725830,1,1,0,0,0,25.580708
116,867.452148,508.153107,768.236328,510.791046,1,1,0,1,0,6.421694
117,850.982361,618.532227,740.562805,615.266479,0,0,0,0,0,56.918414
118,803.205811,511.068665,699.683105,514.683533,0,0,0,0,0,0.733160
