=== RT SIFT DIAGNOSTICS ===
This report describes the selected best frame pair only.
Coordinates are undistorted display pixels: frame_B/UI-left -> frame_A/UI-right.

[SELECTED_PAIR]
video=SU01\video_20260729_133752.mp4
frame_left_B=1
frame_right_A=0
shared_markers=1
baseline_mm=21.070358
rt_sift_role=final_rt
rt_sift_applied=True
rt_reliable=True

[PIPELINE_COUNTS]
left_keypoint_count=773
right_keypoint_count=784
left_descriptor_count=773
right_descriptor_count=784
knn_pair_count=773
ratio_pass_count=208
mutual_pass_count=188
spatially_balanced_count=157
essential_ransac_inlier_count=90
recoverpose_inlier_count=89
final_rt_sift_point_count=71
final_rt_feature_inlier_count=77
final_rt_feature_outlier_count=80

[FEATURE_QUALITY]
match_count=157
essential_inlier_count=90
inlier_count=89
inlier_ratio=0.5668789808917197
grid_coverage=0.4166666666666667
hull_coverage=0.3032342483188569
parallax_deg=4.112930504546483
homography_ratio=0.36942675159235666
planar_degenerate=False
model_epi_px=0.3660093321829183
quality_penalty=0.0
quality_ok=True
strong=True
marker_rt_feature_epi_px=303.21496177616984
final_feature_epi_px=0.6574589124707351
final_feature_inlier_p90_px=1.1898168346562714
final_feature_all_p90_px=5.189233402833272
final_feature_holdout_median_px=0.7492451583285267
marker_bidir_rms_px=0.5019726123141075
marker_left_to_right_rms_px=0.483376732814729
marker_right_to_left_rms_px=0.519903780713563
marker_bidir_max_px=0.8005930528331917
marker_pnp_self_reproj_px=0.4435592591762543
joint_solution_role=joint_from_marker_w4
feature_rot_agreement_deg=51.40790855132191
pair_score=0.8621510133622785
combined_score=0.8116747517454984
sharpness_min=56.43948614213383
marker_coverage=0.0014557497038481416

[ACTIVE_THRESHOLDS]
sift_max_keypoints=800
sift_contrast_threshold=0.01
match_ratio=0.75
ransac_threshold_px=0.75
min_matches=11
min_inlier_ratio=0.28
min_grid_coverage=0.16666666666666666
min_hull_coverage=0.02
min_parallax_deg=1.0
strong_inliers=40
strong_grid_coverage=0.25

final_feature_inlier_px=1.5
final_feature_p90_max_px=1.25
marker_bidir_rms_max_px=1.5
marker_bidir_point_max_px=2.0

[FINAL_RT_LEFT_TO_RIGHT]
R0=0.999971273982 -0.00424559594154 0.00627902273376
R1=0.00424947262436 0.999990788426 -0.000604189722797
R2=-0.00627639974865 0.000630854902047 0.999980104216
t_mm=-21.0534601991 0.841274123823 0.0637974152093

[GRID_COUNTS_6x4]
raw_keypoints_left
   120  293  197    0    0    0
    16   89   58    0    0    0
     0    0    0    0    0    0
     0    0    0    0    0    0
raw_keypoints_right
   153  305  176    0    0    0
     9  112   29    0    0    0
     0    0    0    0    0    0
     0    0    0    0    0    0
balanced_candidates_left
     4   16    9   11   24   24
     0    1    6   24    7    5
     1    0    2   14    9    0
     0    0    0    0    0    0
balanced_candidates_right
    13    8   10   13   24   20
     1    1   21   13    2    5
     1    0    8   13    4    0
     0    0    0    0    0    0
essential_inliers_left
     0    7    9    6   17   18
     0    0    4   18    1    0
     0    0    0    8    2    0
     0    0    0    0    0    0
essential_inliers_right
     1    6   10    7   17   16
     0    0   16    6    1    0
     0    0    2    8    0    0
     0    0    0    0    0    0
recoverpose_inliers_left
     0    7    9    6   17   17
     0    0    4   18    1    0
     0    0    0    8    2    0
     0    0    0    0    0    0
recoverpose_inliers_right
     1    6   10    7   17   15
     0    0   16    6    1    0
     0    0    2    8    0    0
     0    0    0    0    0    0
joint_optimization_left
     0    5    8    5   13   12
     0    0    3   15    1    0
     0    0    0    7    2    0
     0    0    0    0    0    0
joint_optimization_right
     0    5    9    5   14   10
     0    0   13    5    1    0
     0    0    2    7    0    0
     0    0    0    0    0    0
holdout_left
     0    2    1    1    4    5
     0    0    1    3    0    0
     0    0    0    1    0    0
     0    0    0    0    0    0
holdout_right
     1    1    1    2    3    5
     0    0    3    1    0    0
     0    0    0    1    0    0
     0    0    0    0    0    0
final_rt_inliers_left
     0    7    9    6   17   17
     0    0    3   16    1    0
     0    0    0    1    0    0
     0    0    0    0    0    0
final_rt_inliers_right
     1    6   10    7   17   15
     0    0   13    6    1    0
     0    0    0    1    0    0
     0    0    0    0    0    0

[MATCH_TABLE]
index,left_x,left_y,right_x,right_y,essential_inlier,recoverpose_inlier,optimization_used,holdout,final_rt_inlier,final_epipolar_px
1,340.927399,24.490665,355.952087,16.443916,0,0,0,0,0,7.597992
2,881.705872,146.179886,847.755249,148.071548,1,1,0,1,1,0.530670
3,450.072998,359.145172,186.975525,502.077057,0,0,0,0,0,131.823354
4,581.476196,578.772766,576.126404,616.511536,0,0,0,0,0,38.414664
5,887.335938,392.543915,815.441711,394.167603,0,0,0,0,0,2.088278
6,1215.600464,307.720795,1224.263550,307.224945,0,0,0,0,0,1.143325
7,1162.582031,122.837006,1130.523682,123.458534,1,1,1,0,1,0.617004
8,1190.662476,91.587784,1159.772583,92.294151,1,1,1,0,1,0.272857
9,1154.120850,272.244598,1149.785278,272.229370,0,0,0,0,0,0.879444
10,733.089478,598.263184,633.704773,598.703430,0,0,0,0,0,3.924199
11,1006.846802,85.280472,976.881897,86.697273,1,1,1,0,1,0.472701
12,1013.133240,112.013336,981.258728,113.228302,1,1,1,0,1,0.061982
13,728.810303,355.516907,662.605957,357.005005,1,1,0,1,1,1.432457
14,860.485718,136.932648,831.584595,139.473785,0,0,0,0,0,1.445605
15,672.837219,580.735840,575.129944,581.326294,1,1,1,0,0,3.370526
16,164.712006,577.547913,162.938446,514.459778,0,0,0,0,0,60.225623
17,910.597717,139.142776,877.880676,141.089264,1,1,1,0,1,0.657459
18,1084.851440,90.370033,1054.245483,90.525642,1,1,1,0,1,0.816196
19,872.382935,116.195412,840.420593,116.565346,1,1,1,0,1,0.812357
20,488.323395,481.821747,406.044434,485.485687,0,0,0,0,0,1.054022
21,1218.506226,75.957458,1185.880737,78.131332,0,0,0,0,0,1.219895
22,682.693970,125.158882,646.595886,126.994141,1,1,0,1,1,0.401503
23,1077.706299,90.220253,1046.549438,90.375771,1,1,1,0,1,0.843328
24,821.658630,384.692749,748.496887,387.486115,1,1,1,0,1,0.746254
25,1214.879517,323.019226,1225.647095,322.139526,0,0,0,0,0,1.532313
26,697.253540,127.445107,661.005310,128.755844,1,1,1,0,1,0.126503
27,740.882080,585.418335,642.287231,588.254944,1,1,1,0,0,1.547898
28,890.233643,144.822708,856.600586,147.029709,1,1,0,1,1,0.861808
29,710.226868,347.310455,643.073975,349.416534,1,1,1,0,1,0.809362
30,1160.674072,39.253975,1134.667969,39.455402,1,1,1,0,1,0.203134
31,682.693970,125.158882,646.595886,126.994141,1,1,1,0,1,0.401503
32,934.693420,154.752014,899.797974,156.568298,1,1,1,0,1,0.366554
33,1001.623840,631.381775,896.077942,635.157104,0,0,0,0,0,2.593560
34,689.962341,390.500092,616.473572,392.447845,1,1,0,1,1,1.182916
35,788.063477,117.222099,767.929688,115.438530,0,0,0,0,0,2.417858
36,1000.500671,203.482315,958.551453,206.291595,1,1,1,0,1,0.791687
37,818.171692,681.348572,774.586731,709.127625,0,0,0,0,0,25.298033
38,655.924011,362.243164,588.856567,364.296753,1,1,1,0,1,0.702300
39,1195.782715,115.826820,1163.244751,116.487465,1,1,1,0,1,0.563212
40,934.737305,106.768585,904.563416,108.268509,1,1,1,0,1,0.439311
41,1213.765503,60.440243,1181.703247,62.857021,0,0,0,0,0,1.599096
42,264.391510,196.617386,214.898209,197.252319,1,1,0,1,1,1.270071
43,264.391510,196.617386,214.898209,197.252319,1,1,1,0,1,1.270071
44,1017.732300,197.399109,977.696777,199.692627,1,1,1,0,1,0.373476
45,778.571960,646.713745,668.706665,646.509705,0,0,0,0,0,5.295195
46,301.993134,181.600693,256.907593,183.187042,1,1,1,0,1,0.189606
47,1163.665161,75.123268,1135.032104,74.778671,1,1,1,0,1,1.106789
48,618.206238,337.918274,556.185486,339.253540,1,1,0,1,1,1.117269
49,221.884277,233.306351,162.542267,232.224030,0,0,0,0,0,3.225745
50,345.706116,183.591965,300.094818,185.307205,1,1,1,0,1,0.077428
51,597.754517,163.299133,555.936096,164.744507,1,1,1,0,1,0.247687
52,660.300476,424.625854,582.852112,427.104858,1,1,1,0,1,0.704259
53,585.189209,168.733749,543.983826,169.796387,1,1,1,0,1,0.592932
54,1224.753784,269.281860,1235.588623,267.203735,0,0,0,0,0,2.370039
55,661.298584,402.140259,585.645386,404.154755,1,1,0,1,1,1.113451
56,526.126343,75.351898,501.128967,76.907410,1,1,1,0,1,0.506106
57,1163.665161,75.123268,1135.032104,74.778671,1,1,1,0,1,1.106789
58,752.287170,404.170746,678.020020,406.454315,1,1,1,0,1,1.086096
59,1056.566406,288.052399,1001.462891,289.190369,0,0,0,0,0,1.946855
60,594.694336,538.856750,502.643585,541.744446,0,0,0,0,0,0.483681
61,671.242493,454.726532,588.785767,458.919006,0,0,0,0,0,0.770495
62,652.045532,502.004730,561.685242,503.351501,1,1,1,0,0,2.291019
63,496.242188,66.895813,469.281311,68.727509,1,1,0,1,1,0.636682
64,411.337463,40.078823,373.814880,22.240770,0,0,0,0,0,19.747924
65,641.307068,360.790619,578.947815,361.103790,0,0,0,0,0,2.185741
66,1077.706299,90.220253,983.711609,86.799217,0,0,0,0,0,7.396544
67,757.848755,112.055397,726.029602,114.083786,1,1,1,0,1,0.829268
68,559.981995,156.129776,518.349731,158.138000,1,1,1,0,1,0.316180
69,939.395996,737.868652,832.079285,742.078857,1,1,1,0,0,2.011155
70,1155.075562,64.695831,1129.451294,65.032883,1,1,1,0,1,0.220157
71,1123.645630,59.792801,1098.555542,59.404034,1,1,0,1,1,0.902952
72,1012.840515,734.634705,903.348633,742.154968,0,0,0,0,0,0.613360
73,980.384888,109.805130,948.432922,111.157158,1,1,1,0,1,0.202375
74,783.701599,522.200012,694.404846,524.545166,1,1,1,0,0,1.862535
75,739.723450,135.680557,706.542480,136.016251,0,0,0,0,0,0.953251
76,1231.599976,60.624924,1195.984375,64.067612,0,0,0,0,0,2.457028
77,32.477001,17.992676,59.455124,23.019091,0,0,0,0,0,5.356493
78,968.540161,416.397034,895.523315,421.192780,1,1,1,0,1,0.668800
79,998.288208,209.145187,956.721252,209.375931,0,0,0,0,0,1.781086
80,976.052307,86.982719,945.312439,87.508560,1,1,1,0,1,0.471613
81,918.953735,120.045639,886.673218,120.192780,0,0,0,0,0,1.056410
82,757.331238,123.537056,726.958740,126.975586,0,0,0,0,0,2.292397
83,1147.712280,36.868984,1120.939209,36.829975,1,1,0,1,1,0.474234
84,629.813721,437.904388,548.183411,440.095184,1,1,1,0,1,1.054667
85,641.307068,360.790619,578.947815,361.103790,0,0,0,0,0,2.185741
86,990.414978,110.426804,958.230164,111.546089,1,1,1,0,1,0.042393
87,1171.379883,28.144571,1145.126221,27.874638,1,1,1,0,1,0.600586
88,841.758789,428.785522,763.440186,431.884308,1,1,1,0,1,0.801313
89,1171.279785,76.851288,1141.204834,76.672943,1,1,0,1,1,1.018941
90,742.066223,475.188934,660.062744,477.494415,1,1,1,0,1,1.377014
91,764.300171,104.105209,733.652893,107.545456,0,0,0,0,0,2.306701
92,653.872253,486.293793,566.628113,488.621094,1,1,1,0,1,1.200168
93,887.870483,98.482994,854.041931,97.971024,0,0,0,0,0,1.727736
94,225.704483,225.032639,168.953476,223.599991,0,0,0,0,0,3.507581
95,926.298401,98.779030,896.116272,101.272232,0,0,0,0,0,1.454879
96,715.104309,480.252838,645.687134,484.904755,0,0,0,0,0,1.657392
97,1002.505249,113.101540,970.543762,115.827110,0,0,0,0,0,1.558381
98,1101.077515,104.937523,1075.669312,106.034828,1,1,1,0,1,0.289188
99,644.960144,413.420319,568.065430,415.875153,1,1,1,0,1,0.662580
100,30.687681,181.204941,26.112112,219.692032,0,0,0,0,0,38.701160
101,956.678162,85.657196,926.075745,86.805283,1,1,0,1,1,0.152335
102,1182.459106,66.196800,1151.091309,66.923424,1,1,1,0,1,0.103949
103,775.416321,64.171555,747.207336,56.598873,0,0,0,0,0,8.505240
104,671.242493,454.726532,588.785767,458.919006,0,0,0,0,0,0.770495
105,700.233276,414.237946,624.783630,416.338196,1,1,1,0,1,1.141151
106,297.220673,150.083588,255.667740,151.058456,1,1,1,0,1,0.792027
107,894.623291,548.319641,800.017639,551.009766,0,0,0,0,0,2.360968
108,1220.548218,112.496445,556.671997,332.795685,0,0,0,0,0,188.560374
109,692.912231,453.888123,612.739502,456.390991,1,1,1,0,1,0.901411
110,1214.889404,106.798927,1186.502563,107.792824,1,1,0,1,1,0.024503
111,404.842682,99.779045,372.289246,100.967514,1,1,1,0,1,0.284822
112,916.965393,84.557762,885.727844,86.541039,1,1,1,0,1,0.940112
113,881.686218,263.877716,834.065613,270.367218,0,0,0,0,0,4.179794
114,874.156067,516.384399,782.657410,519.219910,1,1,1,0,0,1.921422
115,642.937561,432.826630,563.425720,434.610992,1,1,1,0,1,1.419925
116,1142.910522,92.269630,1109.687134,89.216560,0,0,0,0,0,4.136518
117,262.829559,220.909882,212.211472,222.149521,1,1,0,1,1,0.581278
118,716.895081,105.881866,687.290955,107.784485,1,1,1,0,1,0.798404
119,702.888611,505.023834,611.929810,506.524353,1,1,1,0,0,2.395770
120,654.079346,532.471069,563.524109,536.358032,0,0,0,0,0,0.274789
121,1233.233276,234.126236,1243.171875,234.734268,1,0,0,0,0,0.499132
122,790.351257,588.967163,689.021423,590.997925,1,1,1,0,0,2.762007
123,788.661560,445.857483,710.002197,447.434021,0,0,0,0,0,2.142597
124,652.640686,90.895859,623.109070,92.820274,1,1,1,0,1,0.788687
125,1168.805664,19.320045,1143.142578,19.398714,1,1,0,1,1,0.167983
126,1024.597046,112.652786,991.926147,114.105766,1,1,1,0,1,0.258642
127,917.356628,97.270050,886.007446,99.690910,0,0,0,0,0,1.329422
128,711.788879,416.437744,636.187988,418.364594,1,1,1,0,1,1.360945
129,523.771484,69.414261,498.691986,70.953362,1,1,1,0,1,0.472820
130,665.068481,553.118103,569.637451,555.752930,0,0,0,0,0,1.222100
131,957.074463,710.287476,855.164124,718.932434,0,0,0,0,0,2.561544
132,221.884277,233.306351,162.542267,232.224030,0,0,0,0,0,3.225745
133,975.744995,592.732910,877.340820,600.378052,0,0,0,0,0,1.850631
134,218.562592,240.449356,157.203232,238.395737,0,0,0,0,0,4.247401
135,605.409119,70.576302,577.937500,72.163551,1,1,1,0,1,0.499360
136,218.562592,240.449356,157.203232,238.395737,0,0,0,0,0,4.247401
137,644.061646,548.386475,551.567871,551.151245,0,0,0,0,0,0.858101
138,1137.397339,351.141571,1106.868286,370.479767,0,0,0,0,0,16.773405
139,217.062378,217.245132,160.757141,214.730621,0,0,0,0,0,4.615621
140,860.117126,504.988342,767.529602,505.668976,0,0,0,0,0,4.037124
141,945.872559,87.876480,916.766846,88.984215,1,1,0,1,1,0.170433
142,875.483215,465.767273,788.974548,462.663666,0,0,0,0,0,7.555337
143,770.674316,520.564697,677.811646,523.424500,1,1,1,0,1,1.444104
144,73.791817,228.062210,74.610466,253.847565,0,0,0,0,0,26.586764
145,889.419189,637.999939,784.279541,639.487549,0,0,0,0,0,4.124446
146,867.312561,467.990173,781.576660,469.220795,0,0,0,0,0,3.161884
147,219.393677,213.240921,162.585434,210.298965,0,0,0,0,0,5.093360
148,561.739380,441.499054,482.725952,442.652069,1,1,1,0,0,1.714226
149,880.966614,567.205994,782.458008,569.201050,0,0,0,0,0,3.180452
150,717.132080,539.737610,622.131531,542.115601,1,1,1,0,0,1.744488
151,217.074646,274.899017,165.845306,203.009415,0,0,0,0,0,73.528846
152,621.587891,409.109375,546.796326,411.484711,1,1,1,0,1,0.572780
153,808.773804,541.657898,713.825989,544.159973,1,1,0,1,0,2.095515
154,205.886459,247.751724,141.150955,244.932526,0,0,0,0,0,5.118592
155,585.715881,75.690475,558.844360,77.937523,1,1,1,0,1,1.171117
156,585.715881,75.690475,558.844360,77.937523,1,1,1,0,1,1.171117
157,772.403870,572.550659,676.030884,575.462341,1,1,1,0,0,1.557418
