=== RT SIFT DIAGNOSTICS ===
This report describes the selected best frame pair only.
Coordinates are undistorted display pixels: frame_B/UI-left -> frame_A/UI-right.

[SELECTED_PAIR]
video=SU01\video_20260729_135904.mp4
frame_left_B=1
frame_right_A=0
shared_markers=1
baseline_mm=21.068841
rt_sift_role=final_rt
rt_sift_applied=True
rt_reliable=True

[PIPELINE_COUNTS]
left_keypoint_count=783
right_keypoint_count=782
left_descriptor_count=783
right_descriptor_count=782
knn_pair_count=783
ratio_pass_count=190
mutual_pass_count=174
spatially_balanced_count=125
essential_ransac_inlier_count=66
recoverpose_inlier_count=66
final_rt_sift_point_count=52
final_rt_feature_inlier_count=64
final_rt_feature_outlier_count=61

[FEATURE_QUALITY]
match_count=125
essential_inlier_count=66
inlier_count=66
inlier_ratio=0.528
grid_coverage=0.4166666666666667
hull_coverage=0.25894266205071553
parallax_deg=5.703293065350246
homography_ratio=0.352
planar_degenerate=False
model_epi_px=0.3561268810947974
quality_penalty=0.0
quality_ok=True
strong=True
marker_rt_feature_epi_px=48.37671511489375
final_feature_epi_px=0.34079621906011215
final_feature_inlier_p90_px=0.7998666273021123
final_feature_all_p90_px=15.536992451111942
final_feature_holdout_median_px=0.44311638524130464
marker_bidir_rms_px=0.5155986235723224
marker_left_to_right_rms_px=0.499223160796436
marker_right_to_left_rms_px=0.5314697705267559
marker_bidir_max_px=0.8005465045706297
marker_pnp_self_reproj_px=0.1644473373889923
joint_solution_role=joint_from_marker_w1
feature_rot_agreement_deg=36.740334534773766
pair_score=0.8269469555553544
combined_score=0.8041705915796326
sharpness_min=56.80244888895891
marker_coverage=0.0008735828827951764

[ACTIVE_THRESHOLDS]
sift_max_keypoints=800
sift_contrast_threshold=0.01
match_ratio=0.75
ransac_threshold_px=0.75
min_matches=11
min_inlier_ratio=0.28
min_grid_coverage=0.16666666666666666
min_hull_coverage=0.02
min_parallax_deg=1.0
strong_inliers=40
strong_grid_coverage=0.25

final_feature_inlier_px=1.5
final_feature_p90_max_px=1.25
marker_bidir_rms_max_px=1.5
marker_bidir_point_max_px=2.0

[FINAL_RT_LEFT_TO_RIGHT]
R0=0.999985046093 -0.00214618961727 0.00503005567394
R1=0.002139982674 0.999996942637 0.0012390285692
R2=-0.00503269948548 -0.00122824580889 0.999986581584
t_mm=-21.0612928273 0.377375975319 -0.419024864292

[GRID_COUNTS_6x4]
raw_keypoints_left
    23  381  221    0    0    0
     0   30  128    0    0    0
     0    0    0    0    0    0
     0    0    0    0    0    0
raw_keypoints_right
    23  397  211    0    0    0
     1   47  103    0    0    0
     0    0    0    0    0    0
     0    0    0    0    0    0
balanced_candidates_left
     0    0    2    6    4   24
     0    0   12   24    7    9
     0    0    0    1    1   18
     0    0    0    0    2   15
balanced_candidates_right
     0    0    6    2    7   23
     0    0   24   15    9    5
     0    0    0    2    1   17
     0    0    0    0    1   13
essential_inliers_left
     0    0    1    3    0    9
     0    0   10   16    2    2
     0    0    0    1    0   11
     0    0    0    0    0   11
essential_inliers_right
     0    0    2    2    0    9
     0    0   19    9    0    2
     0    0    0    1    1   10
     0    0    0    0    0   11
recoverpose_inliers_left
     0    0    1    3    0    9
     0    0   10   16    2    2
     0    0    0    1    0   11
     0    0    0    0    0   11
recoverpose_inliers_right
     0    0    2    2    0    9
     0    0   19    9    0    2
     0    0    0    1    1   10
     0    0    0    0    0   11
joint_optimization_left
     0    0    1    2    0    6
     0    0    8   13    1    1
     0    0    0    1    0   10
     0    0    0    0    0    9
joint_optimization_right
     0    0    2    1    0    6
     0    0   15    7    0    1
     0    0    0    1    1    9
     0    0    0    0    0    9
holdout_left
     0    0    0    1    0    3
     0    0    2    3    1    1
     0    0    0    0    0    1
     0    0    0    0    0    2
holdout_right
     0    0    0    1    0    3
     0    0    4    2    0    1
     0    0    0    0    0    1
     0    0    0    0    0    2
final_rt_inliers_left
     0    0    1    3    0    9
     0    0    9   16    2    2
     0    0    0    0    0   11
     0    0    0    0    0   11
final_rt_inliers_right
     0    0    2    2    0    9
     0    0   18    9    0    2
     0    0    0    0    1   10
     0    0    0    0    0   11

[MATCH_TABLE]
index,left_x,left_y,right_x,right_y,essential_inlier,recoverpose_inlier,optimization_used,holdout,final_rt_inlier,final_epipolar_px
1,1047.942139,36.573166,1003.349182,30.824205,0,0,0,0,0,6.078841
2,1187.978149,237.843445,1154.898071,238.531250,1,1,0,1,1,0.288599
3,1196.844238,143.814880,1162.918701,144.102676,1,1,1,0,1,0.190017
4,1117.420044,705.646790,1107.903442,710.440430,0,0,0,0,0,1.799548
5,898.902161,285.570221,1063.970215,371.931030,0,0,0,0,0,87.589582
6,1175.102905,449.834869,1150.530151,452.097351,1,1,1,0,1,0.211831
7,1199.205078,119.751984,1165.054932,117.066513,0,0,0,0,0,3.030656
8,1175.307739,71.068451,1140.375488,72.479576,0,0,0,0,0,1.243187
9,1196.844238,143.814880,1162.918701,144.102676,1,1,1,0,1,0.190017
10,1128.519165,72.151176,1091.910400,72.014893,1,1,1,0,1,0.410642
11,1175.102905,449.834869,1150.530151,452.097351,1,1,0,1,1,0.211831
12,1033.010132,115.173431,994.453430,116.997757,0,0,0,0,0,1.192815
13,1090.146973,792.937317,1078.805420,796.105225,1,1,1,0,1,0.241441
14,1033.010132,115.173431,994.453430,116.997757,0,0,0,0,0,1.192815
15,1090.415894,676.971313,1079.812500,680.012878,1,1,1,0,1,0.306236
16,757.778748,293.990051,676.120422,295.671967,1,1,1,0,1,0.058848
17,1086.367065,798.049011,1075.397095,801.738647,1,1,1,0,1,0.282179
18,1254.955688,101.397209,1225.543335,100.497795,1,1,0,1,1,1.038236
19,1111.126587,73.895142,1076.666992,74.494423,1,1,1,0,1,0.283484
20,902.555969,330.698303,838.559570,334.186615,0,0,0,0,0,1.768936
21,1158.416748,60.741257,1121.918823,61.706127,0,0,0,0,0,0.804153
22,1222.563110,760.167847,1217.578247,763.736694,1,1,1,0,1,0.168484
23,1147.210815,119.231720,1112.026123,119.604065,1,1,1,0,1,0.067874
24,1104.596436,641.734863,1093.156860,646.478821,0,0,0,0,0,2.109953
25,1076.275391,299.112762,1032.093994,291.499329,0,0,0,0,0,9.002685
26,1083.643677,784.035828,1072.620850,788.056458,1,1,1,0,1,0.707412
27,699.037292,294.869751,611.091187,296.075531,1,1,0,1,1,0.596356
28,622.544312,266.453705,528.595947,268.876740,1,1,1,0,1,0.624086
29,1204.405640,738.980164,1200.754272,745.223145,0,0,0,0,0,2.776747
30,1103.202148,808.756104,1092.529907,811.070251,1,1,1,0,1,1.240741
31,1246.366943,143.002548,1217.258301,151.543045,0,0,0,0,0,8.137300
32,1101.001099,29.494074,1061.437256,21.162088,0,0,0,0,0,8.490255
33,737.986694,576.540100,649.770203,576.903870,1,1,1,0,0,2.491148
34,1218.824097,357.262878,1224.186035,392.735809,0,0,0,0,0,34.246167
35,902.555969,330.698303,838.559570,334.186615,0,0,0,0,0,1.768936
36,1134.195068,31.861458,1097.384766,33.630428,0,0,0,0,0,1.670017
37,1204.405640,738.980164,1200.754272,745.223145,0,0,0,0,0,2.776747
38,917.681335,592.784668,851.044312,596.322388,0,0,0,0,0,0.498442
39,913.657104,773.908936,1152.872925,18.035782,0,0,0,0,0,753.252780
40,663.258911,256.816986,571.282593,257.828156,1,1,1,0,1,0.739265
41,1201.098999,657.265686,1186.835571,660.769775,1,1,0,1,1,0.301435
42,696.966309,322.252655,607.615356,324.953156,1,1,1,0,1,0.805016
43,1194.015259,187.380188,1164.048706,198.139893,0,0,0,0,0,10.052095
44,796.239319,465.472687,713.825378,467.851501,0,0,0,0,0,0.039808
45,1121.967896,57.322559,1085.702637,57.709568,1,1,1,0,1,0.158237
46,695.581360,372.028717,605.205750,374.361023,1,1,1,0,1,0.277903
47,1083.819214,694.119446,1070.693848,700.029724,0,0,0,0,0,3.032363
48,986.802917,429.781647,941.894165,422.625916,0,0,0,0,0,9.087038
49,1086.367065,798.049011,1075.397095,801.738647,1,1,1,0,1,0.282179
50,1136.437744,95.708672,1101.531372,96.217003,1,1,0,1,1,0.153437
51,1083.643677,784.035828,1072.620850,788.056458,1,1,1,0,1,0.707412
52,747.813599,268.513550,666.194397,270.525177,1,1,1,0,1,0.345828
53,1166.083130,710.891724,1155.874268,713.556030,1,1,1,0,1,0.608879
54,1132.171997,756.678467,1121.911743,759.185242,1,1,1,0,1,0.879864
55,1112.536743,819.108093,1102.083008,822.407471,1,1,0,1,1,0.371236
56,1102.431519,409.737640,1061.272949,407.851135,0,0,0,0,0,3.852411
57,1156.620483,52.038090,1119.659790,53.001453,0,0,0,0,0,0.836321
58,826.847778,450.951019,749.068665,453.364227,1,1,1,0,1,0.079930
59,664.214539,229.671371,573.755676,230.345322,0,0,0,0,0,1.002100
60,964.568481,213.079407,916.006592,223.934662,0,0,0,0,0,9.728360
61,825.826355,273.058960,752.556641,270.556366,0,0,0,0,0,4.084744
62,1216.267090,627.289429,1227.821655,677.768311,0,0,0,0,0,47.922462
63,1217.027588,293.180969,1221.975220,335.060059,0,0,0,0,0,40.929249
64,1092.890137,811.242371,1081.541016,814.456055,1,1,1,0,1,0.321066
65,1079.185913,612.245789,1062.337158,614.126770,1,1,1,0,1,0.626807
66,1135.051025,978.790588,923.214539,365.475250,0,0,0,0,0,621.655168
67,1156.620483,52.038090,1119.659790,53.001453,0,0,0,0,0,0.836321
68,654.722656,338.595215,562.663086,340.462189,1,1,1,0,1,0.081759
69,785.227173,448.003632,704.384399,449.105988,1,1,0,1,1,1.192047
70,699.802673,479.028564,619.346436,490.815308,0,0,0,0,0,9.540593
71,657.746948,370.600403,570.319885,377.815613,0,0,0,0,0,5.238768
72,1222.038574,738.621399,1216.946655,742.936829,1,1,1,0,1,0.723367
73,734.250549,329.835541,650.726318,331.954651,1,1,1,0,1,0.255977
74,1215.549438,387.974304,1213.166870,414.000610,0,0,0,0,0,24.556304
75,791.054016,316.012085,711.996399,318.787079,0,0,0,0,0,0.981745
76,1083.059204,296.051544,1038.084961,286.783875,0,0,0,0,0,10.648291
77,1112.536743,819.108093,1102.083008,822.407471,1,1,1,0,1,0.371236
78,652.634766,345.644104,559.922607,347.102631,1,1,1,0,1,0.514997
79,650.787292,244.292557,560.110291,244.117523,0,0,0,0,0,1.888343
80,1086.178955,328.617065,1039.028442,311.395142,0,0,0,0,0,18.775695
81,652.634766,345.644104,559.922607,347.102631,1,1,0,1,1,0.514997
82,800.693481,303.594330,722.688110,304.998474,1,1,1,0,1,0.335765
83,690.412598,355.781433,600.561035,359.429901,0,0,0,0,0,1.652929
84,733.278381,422.775635,645.845581,425.735718,0,0,0,0,0,0.732907
85,700.896362,419.911682,609.736694,422.250275,0,0,0,0,0,0.111154
86,701.995422,300.486511,614.718994,301.721832,1,1,1,0,1,0.574928
87,1102.938477,925.024902,1074.307617,926.687073,0,0,0,0,0,3.307309
88,786.159058,301.263641,704.541687,302.439209,1,1,1,0,1,0.593926
89,1079.222168,246.182449,1037.875244,240.333618,0,0,0,0,0,6.961417
90,516.141663,395.348907,867.156250,429.178406,0,0,0,0,0,39.032101
91,642.019592,256.238525,550.787354,258.289459,1,1,1,0,1,0.303123
92,602.376892,361.644135,503.040100,362.958679,1,1,0,1,1,0.749107
93,655.970154,250.234543,566.111816,252.416977,1,1,1,0,1,0.463583
94,1153.209473,40.958824,1107.286255,16.999371,0,0,0,0,0,23.995906
95,638.721741,276.390564,545.911011,278.170166,1,1,1,0,1,0.026395
96,718.232666,239.865112,634.468567,240.090073,0,0,0,0,0,1.390549
97,636.385193,252.399155,545.068604,254.587540,1,1,1,0,1,0.445908
98,729.564697,222.498856,649.678894,224.823975,1,1,1,0,1,0.787852
99,631.209900,232.186432,544.567322,232.155930,0,0,0,0,0,1.694114
100,633.091248,260.319061,540.772766,261.461121,1,1,0,1,1,0.625466
101,1204.839966,666.204834,1191.396484,670.179810,1,1,1,0,1,0.716841
102,634.649780,307.094299,541.349609,309.169861,1,1,1,0,1,0.196689
103,1135.051025,978.790588,923.214539,365.475250,0,0,0,0,0,621.655168
104,1133.377686,698.052063,1121.223267,700.895020,1,1,1,0,1,0.251380
105,1204.839966,666.204834,1191.396484,670.179810,1,1,1,0,1,0.716841
106,1143.381958,40.969795,1096.791626,17.594170,0,0,0,0,0,23.439586
107,1099.826660,819.005798,1089.496948,824.211304,0,0,0,0,0,1.609108
108,1121.889893,786.048889,1113.163696,789.254456,1,1,0,1,1,0.258611
109,1153.887085,86.404121,1117.218994,87.836700,0,0,0,0,0,1.145637
110,1079.222168,246.182449,1037.875244,240.333618,0,0,0,0,0,6.961417
111,627.403076,353.923431,531.804382,355.715576,1,1,1,0,1,0.222614
112,626.538147,288.648346,532.153625,290.441742,1,1,1,0,1,0.055216
113,1202.830688,616.794800,1184.485596,620.170227,1,1,1,0,1,0.329088
114,583.866455,455.440521,480.764191,455.703522,1,1,1,0,0,2.075885
115,729.417480,250.513855,646.778809,252.500336,1,1,0,1,1,0.356008
116,874.459839,446.473511,802.219360,448.049774,1,1,1,0,1,0.726577
117,1191.324707,62.204887,1156.280151,60.406403,0,0,0,0,0,1.881945
118,605.654968,436.745331,507.497650,436.394012,0,0,0,0,0,2.590346
119,639.281372,302.706482,547.103394,303.316925,1,1,1,0,1,1.245019
120,622.898926,348.221680,526.563232,350.389648,1,1,1,0,1,0.160218
121,1054.917725,959.292175,995.410034,954.656006,0,0,0,0,0,10.678939
122,1121.889893,786.048889,1113.163696,789.254456,1,1,1,0,1,0.258611
123,875.110413,427.264618,802.948914,428.318115,1,1,0,1,1,1.161042
124,949.375854,463.091461,1239.399658,250.008560,0,0,0,0,0,209.967579
125,1090.782104,671.416626,1080.963989,676.249390,0,0,0,0,0,2.141486
