=== RT SIFT DIAGNOSTICS ===
This report describes the selected best frame pair only.
Coordinates are undistorted display pixels: frame_B/UI-left -> frame_A/UI-right.

[SELECTED_PAIR]
video=SU01\video_20260729_141037.mp4
frame_left_B=1
frame_right_A=0
shared_markers=1
baseline_mm=20.215086
rt_sift_role=final_rt
rt_sift_applied=True
rt_reliable=True

[PIPELINE_COUNTS]
left_keypoint_count=785
right_keypoint_count=786
left_descriptor_count=785
right_descriptor_count=786
knn_pair_count=785
ratio_pass_count=270
mutual_pass_count=248
spatially_balanced_count=174
essential_ransac_inlier_count=114
recoverpose_inlier_count=114
final_rt_sift_point_count=91
final_rt_feature_inlier_count=109
final_rt_feature_outlier_count=65

[FEATURE_QUALITY]
match_count=174
essential_inlier_count=114
inlier_count=114
inlier_ratio=0.6551724137931034
grid_coverage=0.5
hull_coverage=0.37863765940098915
parallax_deg=3.319301021394033
homography_ratio=0.603448275862069
planar_degenerate=False
model_epi_px=0.3494149805243741
quality_penalty=0.0
quality_ok=True
strong=True
marker_rt_feature_epi_px=17.733858197605464
final_feature_epi_px=0.3431416245059135
final_feature_inlier_p90_px=0.7118091960001626
final_feature_all_p90_px=9.315760922781372
final_feature_holdout_median_px=0.584832840588273
marker_bidir_rms_px=0.21109189679234072
marker_left_to_right_rms_px=0.18788989314638793
marker_right_to_left_rms_px=0.23198483966892183
marker_bidir_max_px=0.40227426587626375
marker_pnp_self_reproj_px=0.0682559609413147
joint_solution_role=joint_from_marker_w12
feature_rot_agreement_deg=10.12935125403585
pair_score=0.582302283742766
combined_score=0.4679039819899368
sharpness_min=68.79193889833056
marker_coverage=0.0007398745476777435

[ACTIVE_THRESHOLDS]
sift_max_keypoints=800
sift_contrast_threshold=0.01
match_ratio=0.75
ransac_threshold_px=0.75
min_matches=11
min_inlier_ratio=0.28
min_grid_coverage=0.16666666666666666
min_hull_coverage=0.02
min_parallax_deg=1.0
strong_inliers=40
strong_grid_coverage=0.25

final_feature_inlier_px=1.5
final_feature_p90_max_px=1.25
marker_bidir_rms_max_px=1.5
marker_bidir_point_max_px=2.0

[FINAL_RT_LEFT_TO_RIGHT]
R0=0.999993398891 0.00171146467291 -0.00320516203845
R1=-0.00171272941579 0.999998456488 -0.000391892394601
R2=0.00320448638125 0.000397379382982 0.999994786665
t_mm=-20.1816258752 1.025383214 -0.547967586455

[GRID_COUNTS_6x4]
raw_keypoints_left
   210  107  218    0    0    0
    33  140   77    0    0    0
     0    0    0    0    0    0
     0    0    0    0    0    0
raw_keypoints_right
   242  140  215    0    0    0
    18  131   40    0    0    0
     0    0    0    0    0    0
     0    0    0    0    0    0
balanced_candidates_left
     1   16    7   19   24   16
     2   24    2    6    7   11
     0    2    0   12   17    2
     1    0    1    1    0    3
balanced_candidates_right
     2   18    4   24   24   13
     4   22    3    5   10    7
     0    2    0   24    6    2
     0    1    0    0    0    3
essential_inliers_left
     0   13    6   11   19   10
     0   24    0    4    3    0
     0    1    0   10   12    0
     0    0    1    0    0    0
essential_inliers_right
     0   16    3   15   19    6
     2   22    0    4    3    0
     0    1    0   20    2    0
     0    1    0    0    0    0
recoverpose_inliers_left
     0   13    6   11   19   10
     0   24    0    4    3    0
     0    1    0   10   12    0
     0    0    1    0    0    0
recoverpose_inliers_right
     0   16    3   15   19    6
     2   22    0    4    3    0
     0    1    0   20    2    0
     0    1    0    0    0    0
joint_optimization_left
     0   12    5    8   15    7
     0   19    0    4    3    0
     0    1    0    8    9    0
     0    0    0    0    0    0
joint_optimization_right
     0   15    2   12   14    4
     2   17    0    4    3    0
     0    1    0   15    2    0
     0    0    0    0    0    0
holdout_left
     0    1    1    3    4    3
     0    5    0    0    0    0
     0    0    0    2    3    0
     0    0    1    0    0    0
holdout_right
     0    1    1    3    5    2
     0    5    0    0    0    0
     0    0    0    5    0    0
     0    1    0    0    0    0
final_rt_inliers_left
     0   12    6   10   19    9
     0   24    0    4    3    0
     0    0    0   10   12    0
     0    0    0    0    0    0
final_rt_inliers_right
     0   15    3   14   19    5
     2   22    0    4    3    0
     0    0    0   20    2    0
     0    0    0    0    0    0

[MATCH_TABLE]
index,left_x,left_y,right_x,right_y,essential_inlier,recoverpose_inlier,optimization_used,holdout,final_rt_inlier,final_epipolar_px
1,1134.192505,617.947754,1084.391357,635.820435,0,0,0,0,0,16.119720
2,796.164001,170.220825,760.214233,171.908829,1,1,0,1,1,0.657177
3,717.735046,470.896637,664.309021,474.664154,0,0,0,0,0,1.132614
4,796.100098,155.819305,760.466736,157.445618,1,1,1,0,1,0.634917
5,763.965576,181.518356,726.747437,182.861801,1,1,1,0,1,0.252615
6,1171.792847,174.006012,1142.200195,174.400574,1,1,1,0,1,0.487856
7,1059.391602,171.570419,1029.630371,172.693695,1,1,1,0,1,0.252678
8,341.045380,252.482635,293.702576,254.230469,1,1,0,1,1,0.069377
9,318.849609,239.423279,270.880859,241.147964,1,1,1,0,1,0.095198
10,838.415283,556.024963,781.443176,558.335449,1,1,1,0,1,0.530016
11,267.236450,357.946228,211.974991,360.120728,1,1,1,0,1,0.479563
12,863.937805,189.834534,830.763000,190.692719,1,1,1,0,1,0.114086
13,73.017647,226.582596,73.672928,253.163116,0,0,0,0,0,26.967105
14,366.437134,262.334839,318.168579,264.485718,1,1,0,1,1,0.377925
15,1210.003052,436.283966,1216.204590,444.006012,0,0,0,0,0,9.180555
16,346.929504,273.547333,295.899872,276.184692,1,1,1,0,1,0.684558
17,1010.693420,233.558258,973.899902,236.345459,0,0,0,0,0,1.624088
18,1044.355347,330.319824,1006.543335,332.097717,1,1,1,0,1,0.560331
19,285.804443,283.052826,235.424744,284.753448,1,1,1,0,1,0.276638
20,278.744995,313.477783,226.756119,315.427765,1,1,1,0,1,0.279498
21,302.224121,276.950073,252.518768,278.887878,1,1,0,1,1,0.024572
22,335.896179,231.937027,289.626343,233.500885,1,1,1,0,1,0.041469
23,318.849609,239.423279,270.880859,241.147964,1,1,1,0,1,0.095198
24,445.128937,227.921692,400.127258,229.586670,1,1,1,0,1,0.189745
25,317.965973,310.897522,265.933411,312.599121,1,1,1,0,1,0.504763
26,1035.255859,189.684860,1003.809082,191.735168,1,1,0,1,1,1.118475
27,933.572571,217.284729,899.962219,220.838776,0,0,0,0,0,2.526045
28,264.379608,284.663300,213.547363,286.332458,1,1,1,0,1,0.338109
29,1071.513184,145.889847,1042.545288,146.511032,1,1,1,0,1,0.229685
30,1206.053345,218.701813,1168.051147,216.815033,0,0,0,0,0,3.068677
31,863.937805,189.834534,830.763000,190.692719,1,1,1,0,1,0.114086
32,906.387817,612.273499,847.213867,614.880859,1,1,1,0,1,0.328491
33,315.422424,258.786865,267.125946,261.233459,1,1,0,1,1,0.693544
34,1085.660156,181.239426,1055.182861,182.289093,1,1,1,0,1,0.149273
35,794.017517,187.557404,757.363281,189.929337,0,0,0,0,0,1.280137
36,996.193542,232.856827,959.180176,234.382690,1,1,1,0,1,0.352918
37,889.884033,636.072266,829.434387,639.412720,1,1,1,0,1,0.229717
38,803.977234,627.999084,741.771729,631.052124,1,1,1,0,1,0.377876
39,288.722107,312.460815,236.319077,315.152588,1,1,0,1,1,0.449035
40,248.632004,289.034668,196.525742,290.585358,1,1,1,0,1,0.538881
41,315.422424,258.786865,267.125946,261.233459,1,1,1,0,1,0.693544
42,262.485901,262.262085,213.612808,263.219208,1,1,1,0,1,0.829950
43,939.278137,581.451355,882.166443,583.562134,1,1,1,0,1,0.558392
44,796.529358,620.679871,734.745544,623.245117,1,1,0,1,1,0.835944
45,325.361847,258.534302,277.027313,260.585236,1,1,1,0,1,0.298323
46,856.370178,541.193420,800.236084,543.458679,1,1,1,0,1,0.454089
47,691.455566,476.187378,1123.554199,223.676361,0,0,0,0,0,230.831142
48,317.965973,310.897522,265.933411,312.599121,1,1,1,0,1,0.504763
49,902.839355,531.686646,914.080078,605.767212,0,0,0,0,0,75.407254
50,685.408569,88.485397,654.678955,91.871803,0,0,0,0,0,2.791085
51,895.420410,636.744324,834.402039,639.699463,1,1,1,0,1,0.177748
52,308.666565,298.899780,257.341217,301.259705,1,1,0,1,1,0.249323
53,807.814148,619.212097,747.408997,623.350098,0,0,0,0,0,0.851953
54,274.993591,284.322998,224.255783,286.629395,1,1,1,0,1,0.303260
55,1036.328735,89.696289,1011.656677,90.950356,0,0,0,0,0,0.560944
56,588.660278,56.352928,528.143433,44.365353,0,0,0,0,0,13.282672
57,889.884033,636.072266,829.434387,639.412720,1,1,1,0,1,0.229717
58,866.874451,431.867981,862.612305,436.837646,0,0,0,0,0,5.273801
59,856.615051,594.717041,798.083313,597.795959,1,1,1,0,1,0.094430
60,1036.375610,299.352509,1002.575073,303.328827,0,0,0,0,0,2.941569
61,1211.579468,579.610779,1217.277832,568.264282,0,0,0,0,0,9.373706
62,146.194138,295.703796,157.141495,428.851379,0,0,0,0,0,133.408625
63,1057.188477,164.285751,1026.930054,165.468262,1,1,1,0,1,0.291609
64,858.689636,555.700439,802.635864,558.572266,1,1,0,1,1,0.129498
65,1020.716919,166.080414,989.436829,166.785675,1,1,1,0,1,0.214598
66,290.217041,264.601257,240.825760,266.223785,1,1,1,0,1,0.204860
67,871.589661,564.451538,814.099976,565.977295,0,0,0,0,0,1.289855
68,845.750305,543.274292,789.507996,545.847290,1,1,1,0,1,0.180183
69,353.625610,334.021210,300.476349,336.241241,1,1,1,0,1,0.157506
70,877.218750,592.370728,819.208923,595.882202,1,1,0,1,1,0.613127
71,338.000519,335.376678,284.587738,337.238647,1,1,1,0,1,0.540155
72,495.821136,198.515198,453.827850,199.638779,1,1,1,0,1,0.115250
73,989.454224,636.273071,931.260376,641.165833,0,0,0,0,0,2.199006
74,501.089661,120.150017,463.800934,121.495529,1,1,1,0,1,0.595151
75,824.630920,594.343140,767.124573,596.627563,1,1,1,0,1,0.709578
76,1156.515259,135.441605,1130.968140,135.781860,1,1,0,1,1,0.424121
77,270.708954,299.455933,218.974380,300.955414,1,1,1,0,1,0.634729
78,1210.928101,396.651581,1216.257568,403.743225,0,0,0,0,0,8.359967
79,436.119446,220.360062,391.023346,221.381165,1,1,1,0,1,0.418706
80,295.822266,279.141327,244.777054,281.118805,1,1,1,0,1,0.006446
81,356.956726,284.802765,307.191772,286.414490,1,1,1,0,1,0.343142
82,1107.492188,148.995682,1077.850464,150.558823,1,1,0,1,1,0.674566
83,788.812073,166.148392,753.720520,167.077942,1,1,1,0,1,0.056619
84,303.382782,274.382172,253.579407,275.893341,1,1,1,0,1,0.389987
85,297.662537,248.016556,247.874573,250.861969,1,1,1,0,1,1.091882
86,1007.039490,202.377029,971.258057,204.137604,1,1,1,0,1,0.653673
87,1004.555969,177.059723,972.774109,178.590286,1,1,0,1,1,0.592442
88,1044.355347,330.319824,1006.543335,332.097717,1,1,1,0,1,0.560331
89,339.093811,244.020233,292.205017,245.931030,1,1,1,0,1,0.296321
90,1058.538452,131.960220,1028.906616,132.861511,1,1,1,0,1,0.027716
91,1066.872559,393.856598,1024.757935,393.944031,0,0,0,0,0,1.326991
92,892.699341,653.898621,830.522156,657.352722,1,1,1,0,1,0.200538
93,981.790833,231.968887,945.251770,233.530594,1,1,0,1,1,0.407254
94,877.121399,642.051514,816.168457,645.675049,0,0,0,0,0,0.431784
95,245.885483,181.521454,196.359909,179.968903,0,0,0,0,0,2.861581
96,719.454285,87.275688,688.228577,88.711700,0,0,0,0,0,0.797867
97,834.612976,574.923889,777.937622,577.802307,1,1,1,0,1,0.002513
98,867.646362,215.439606,831.354675,216.772705,1,1,1,0,1,0.200279
99,1063.659912,294.098114,1025.714233,296.401550,1,1,1,0,1,1.096011
100,788.812073,166.148392,753.720520,167.077942,1,1,1,0,1,0.056619
101,904.894409,604.770935,845.556335,607.057861,1,1,0,1,1,0.647822
102,1204.885986,38.847729,1171.328857,40.738155,1,1,1,0,1,0.720736
103,841.112610,72.579987,810.863708,73.455269,1,1,1,0,1,0.178544
104,783.866943,603.560669,723.317078,606.080566,1,1,1,0,1,0.786677
105,848.832947,581.025635,792.272034,583.266785,1,1,1,0,1,0.606807
106,732.609070,203.501556,693.810852,205.397263,1,1,0,1,1,0.699052
107,915.066589,559.766357,858.797180,561.198120,0,0,0,0,0,1.203584
108,699.130676,64.000015,669.644714,62.794109,1,1,1,0,0,1.708592
109,784.802795,502.372070,731.051575,504.941162,1,1,1,0,1,0.058086
110,465.845001,200.543259,422.470184,202.152176,1,1,1,0,1,0.316673
111,804.931824,509.297852,750.694519,511.606750,1,1,1,0,1,0.326509
112,822.590149,639.320129,761.519775,643.260437,0,0,0,0,0,0.598772
113,824.842896,577.034912,767.543823,579.614746,1,1,0,1,1,0.360579
114,1091.169312,304.050995,1051.909424,304.766235,0,0,0,0,0,0.533591
115,291.815338,211.929184,245.366196,213.418320,1,1,1,0,1,0.084123
116,848.120056,535.279907,792.707825,537.844727,1,1,1,0,1,0.116624
117,329.407013,241.654266,281.532410,243.427124,1,1,1,0,1,0.132706
118,1076.338257,173.424896,1074.804810,187.997803,0,0,0,0,0,14.808139
119,1207.045044,352.956268,1144.953979,349.823151,0,0,0,0,0,5.385736
120,1092.682373,152.124527,1062.325439,152.818298,1,1,1,0,1,0.214940
121,478.723175,160.101196,438.149048,161.899857,1,1,0,1,1,0.781531
122,925.375427,123.499352,898.291504,123.579742,1,1,1,0,1,0.624976
123,1042.961426,119.735313,1014.125549,120.854721,1,1,1,0,1,0.281177
124,811.650757,46.012520,685.418884,38.654163,0,0,0,0,0,10.944496
125,976.583496,63.756851,947.938660,65.063072,0,0,0,0,0,0.534953
126,1020.123291,232.213959,983.621399,233.954422,1,1,1,0,1,0.592909
127,1028.292969,123.851990,997.025452,126.659798,0,0,0,0,0,1.888945
128,1000.630249,89.057404,968.236389,89.776733,1,1,1,0,1,0.208873
129,1058.538452,131.960220,1028.906616,132.861511,1,1,0,1,1,0.027716
130,815.747864,507.675110,761.552551,509.950073,1,1,1,0,1,0.334356
131,820.776001,73.055420,792.677124,73.976852,0,0,0,0,0,0.314875
132,1000.630249,89.057404,968.236389,89.776733,1,1,1,0,1,0.208873
133,1091.169312,304.050995,1051.909424,304.766235,0,0,0,0,0,0.533591
134,747.473145,76.413292,717.519775,78.878265,0,0,0,0,0,1.862987
135,421.703156,142.359924,381.768188,143.701508,1,1,1,0,1,0.466147
136,718.868225,196.651047,680.186035,198.670425,1,1,1,0,1,0.847136
137,1066.868164,169.298004,1036.545166,169.607361,1,1,0,1,1,0.584833
138,771.669922,74.231766,741.872253,80.072983,0,0,0,0,0,5.219159
139,389.429535,213.452789,377.061646,196.305008,0,0,0,0,0,17.195461
140,1220.163574,342.747162,1227.594116,349.291779,0,0,0,0,0,7.735534
141,1073.804688,431.117340,1026.752319,427.928833,0,0,0,0,0,4.857217
142,313.301178,198.460632,269.023499,200.418427,1,1,1,0,1,0.701926
143,1055.913696,316.646362,1019.288757,316.538696,0,0,0,0,0,1.256510
144,837.590515,479.932739,786.698975,483.477173,1,1,1,0,1,1.218528
145,861.240112,406.746216,797.058472,157.413391,0,0,0,0,0,251.534427
146,285.809143,163.768478,240.134705,164.327606,1,1,1,0,1,0.534896
147,753.999390,82.050179,725.245544,82.328331,1,1,1,0,1,0.298217
148,413.410583,49.667130,404.492126,39.545383,0,0,0,0,0,9.577851
149,328.837494,739.626465,259.069916,743.793823,0,0,0,0,0,1.558610
150,734.411133,790.287720,639.564575,435.676239,0,0,0,0,0,359.484705
151,1246.635010,93.250610,1211.054688,97.882744,0,0,0,0,0,3.411032
152,766.769104,82.440865,735.201904,83.680176,1,1,0,1,1,0.554854
153,324.932220,170.142456,280.955017,171.739929,1,1,1,0,1,0.501369
154,1116.476685,461.206146,1084.652466,477.401947,0,0,0,0,0,15.418924
155,526.361572,406.676025,568.761780,406.862640,0,0,0,0,0,2.442478
156,856.595459,91.272163,827.829163,91.992249,1,1,1,0,1,0.034503
157,526.361572,406.676025,568.761780,406.862640,0,0,0,0,0,2.442478
158,1117.876099,123.300850,1087.245972,121.924767,0,0,0,0,0,2.318295
159,765.290771,67.724640,734.601257,72.597656,0,0,0,0,0,4.242034
160,1146.948242,104.485558,1121.688965,102.538193,0,0,0,0,0,2.728744
161,1181.589478,177.537277,1151.974731,177.543900,1,1,1,0,1,0.874087
162,1167.467529,797.070007,1105.220215,791.444641,0,0,0,0,0,8.074883
163,192.847427,834.697693,951.774963,647.560730,0,0,0,0,0,135.183505
164,1222.281616,771.141846,1225.936035,776.013428,0,0,0,0,0,7.502095
165,344.304718,719.082764,275.813477,720.671570,1,1,1,0,0,3.870628
166,467.397461,770.714966,370.422211,773.640991,1,1,0,1,0,4.472798
167,170.402176,376.129456,157.877670,349.775330,0,0,0,0,0,27.021463
168,1191.880005,380.440918,1198.806396,389.506439,0,0,0,0,0,10.331672
169,1191.880005,380.440918,1198.806396,389.506439,0,0,0,0,0,10.331672
170,1112.929565,38.030792,1086.118286,37.069920,1,1,1,0,0,1.817990
171,924.985596,657.723328,863.385803,661.055176,1,1,1,0,1,0.201324
172,351.267242,234.133408,229.315079,245.207291,1,1,1,0,0,6.401392
173,1167.467529,797.070007,1105.220215,791.444641,0,0,0,0,0,8.074883
174,1208.186890,95.061020,1179.808228,99.182144,0,0,0,0,0,3.179591
