=== RT SIFT DIAGNOSTICS ===
This report describes the selected best frame pair only.
Coordinates are undistorted display pixels: frame_B/UI-left -> frame_A/UI-right.

[SELECTED_PAIR]
video=SU01\video_20260729_140857.mp4
frame_left_B=1
frame_right_A=0
shared_markers=1
baseline_mm=20.718214
rt_sift_role=final_rt
rt_sift_applied=True
rt_reliable=True

[PIPELINE_COUNTS]
left_keypoint_count=788
right_keypoint_count=787
left_descriptor_count=788
right_descriptor_count=787
knn_pair_count=788
ratio_pass_count=277
mutual_pass_count=266
spatially_balanced_count=175
essential_ransac_inlier_count=122
recoverpose_inlier_count=122
final_rt_sift_point_count=97
final_rt_feature_inlier_count=117
final_rt_feature_outlier_count=58

[FEATURE_QUALITY]
match_count=175
essential_inlier_count=122
inlier_count=122
inlier_ratio=0.6971428571428572
grid_coverage=0.5416666666666666
hull_coverage=0.455854551652091
parallax_deg=3.4834958684531303
homography_ratio=0.64
planar_degenerate=False
model_epi_px=0.3526439162474181
quality_penalty=0.0
quality_ok=True
strong=True
marker_rt_feature_epi_px=30.46497455310135
final_feature_epi_px=0.3592860687118384
final_feature_inlier_p90_px=0.8334472837668686
final_feature_all_p90_px=14.889455283176849
final_feature_holdout_median_px=0.29362625905585493
marker_bidir_rms_px=0.27258771362307405
marker_left_to_right_rms_px=0.234867280097433
marker_right_to_left_rms_px=0.3056885407995269
marker_bidir_max_px=0.4955246274819441
marker_pnp_self_reproj_px=0.028627894818782806
joint_solution_role=joint_from_marker_w4
feature_rot_agreement_deg=10.014946942175047
pair_score=0.5953684692885458
combined_score=0.46887435568157665
sharpness_min=62.38758100262844
marker_coverage=0.000741891676210571

[ACTIVE_THRESHOLDS]
sift_max_keypoints=800
sift_contrast_threshold=0.01
match_ratio=0.75
ransac_threshold_px=0.75
min_matches=11
min_inlier_ratio=0.28
min_grid_coverage=0.16666666666666666
min_hull_coverage=0.02
min_parallax_deg=1.0
strong_inliers=40
strong_grid_coverage=0.25

final_feature_inlier_px=1.5
final_feature_p90_max_px=1.25
marker_bidir_rms_max_px=1.5
marker_bidir_point_max_px=2.0

[FINAL_RT_LEFT_TO_RIGHT]
R0=0.9999986335 0.000119021896587 0.00164888818924
R1=-0.000122316174727 0.999997996672 0.00199792166456
R2=-0.00164864708955 -0.00199812062009 0.999996644733
t_mm=-20.7006268481 0.459714028387 -0.719102405035

[GRID_COUNTS_6x4]
raw_keypoints_left
   207  111  193    0    0    0
    35  209   33    0    0    0
     0    0    0    0    0    0
     0    0    0    0    0    0
raw_keypoints_right
   201  149  224    0    0    0
    18  167   28    0    0    0
     0    0    0    0    0    0
     0    0    0    0    0    0
balanced_candidates_left
     2   19    8   21   23   11
     6   24    0    3    7    4
     0    2   13   24    0    4
     0    0    3    0    0    1
balanced_candidates_right
     4   20    6   24   24    7
     8   21    2    2    8    3
     0    3   13   23    0    4
     0    2    0    0    0    1
essential_inliers_left
     0   13    6   16   19    9
     0   22    0    2    2    0
     0    1    7   22    0    1
     0    0    2    0    0    0
essential_inliers_right
     1   15    3   19   19    6
     2   20    1    1    2    0
     0    1    7   22    0    1
     0    2    0    0    0    0
recoverpose_inliers_left
     0   13    6   16   19    9
     0   22    0    2    2    0
     0    1    7   22    0    1
     0    0    2    0    0    0
recoverpose_inliers_right
     1   15    3   19   19    6
     2   20    1    1    2    0
     0    1    7   22    0    1
     0    2    0    0    0    0
joint_optimization_left
     0   11    3   12   16    8
     0   17    0    2    2    0
     0    1    5   18    0    1
     0    0    1    0    0    0
joint_optimization_right
     1   11    2   14   17    5
     1   16    1    1    2    0
     0    1    5   18    0    1
     0    1    0    0    0    0
holdout_left
     0    2    3    4    3    1
     0    5    0    0    0    0
     0    0    2    4    0    0
     0    0    1    0    0    0
holdout_right
     0    4    1    5    2    1
     1    4    0    0    0    0
     0    0    2    4    0    0
     0    1    0    0    0    0
final_rt_inliers_left
     0   13    6   16   18    9
     0   22    0    2    2    0
     0    0    7   22    0    0
     0    0    0    0    0    0
final_rt_inliers_right
     1   15    3   19   18    6
     2   20    1    1    2    0
     0    0    7   22    0    0
     0    0    0    0    0    0

[MATCH_TABLE]
index,left_x,left_y,right_x,right_y,essential_inlier,recoverpose_inlier,optimization_used,holdout,final_rt_inlier,final_epipolar_px
1,796.101624,170.128937,760.195862,171.906418,1,1,0,1,1,0.361626
2,796.157837,155.954208,760.768921,157.845901,1,1,1,0,1,0.481425
3,266.020142,110.403511,247.364624,99.179001,0,0,0,0,0,13.508472
4,284.766998,113.848251,226.988098,116.971199,1,1,1,0,1,1.029203
5,683.882385,488.594360,629.545715,490.872162,1,1,1,0,1,0.110634
6,1133.904297,640.184387,1085.331299,658.619995,0,0,0,0,0,15.308727
7,449.371368,605.901917,383.054962,612.816406,0,0,0,0,0,3.718805
8,866.927979,215.129166,832.143372,216.758286,1,1,1,0,1,0.270359
9,346.132751,273.938019,297.156403,276.090393,1,1,0,1,1,0.121958
10,934.332092,218.013062,899.923401,220.664291,0,0,0,0,0,1.366773
11,153.904266,334.572083,148.941711,346.499939,0,0,0,0,0,10.247380
12,995.496704,232.788330,958.749939,234.626266,1,1,1,0,1,0.588900
13,714.390869,482.232880,660.888794,484.478668,1,1,1,0,1,0.095286
14,163.461533,362.109222,156.688309,378.679962,0,0,0,0,0,14.946679
15,783.108887,160.036957,747.830811,161.745621,1,1,1,0,1,0.279548
16,1155.933105,135.592331,1125.058105,135.641922,0,0,0,0,0,0.848756
17,1173.637207,174.789124,1143.995117,175.029785,1,1,1,0,1,0.684418
18,147.208084,293.558319,160.118073,426.314545,0,0,0,0,0,131.339495
19,359.981567,263.013824,311.823303,264.647919,1,1,0,1,1,0.370987
20,366.362854,262.418396,318.491638,264.000763,1,1,1,0,1,0.414096
21,1082.605469,113.721024,1058.577759,116.940491,0,0,0,0,0,2.207230
22,1093.681396,118.853363,1067.810669,120.063210,1,1,1,0,1,0.219312
23,1059.790527,171.678131,1029.036743,172.414154,1,1,1,0,1,0.333902
24,302.354034,276.729218,252.179367,279.043732,1,1,1,0,1,0.231737
25,870.337341,86.848953,843.232666,88.071510,1,1,0,1,1,0.110528
26,341.076019,252.323135,293.239075,254.299866,1,1,1,0,1,0.041030
27,250.351227,245.058350,199.655197,246.444138,1,1,1,0,1,0.741607
28,865.427002,82.001816,837.537537,83.247925,1,1,1,0,1,0.092986
29,789.331970,167.721085,753.903015,169.529358,1,1,1,0,1,0.384787
30,794.052246,187.539185,757.435120,190.015884,1,1,0,1,1,1.047647
31,1071.007446,145.704651,1042.213623,146.740265,1,1,1,0,1,0.003407
32,833.901489,195.477859,799.117615,198.533508,0,0,0,0,0,1.673877
33,1063.718628,294.097595,1025.799561,294.751343,0,0,0,0,0,0.667348
34,1010.568726,233.562744,974.024719,236.329300,1,1,1,0,0,1.532533
35,72.985176,226.429581,73.644356,252.929443,0,0,0,0,0,24.454393
36,336.573822,231.819260,288.949677,234.223816,1,1,1,0,1,0.387790
37,1119.303101,615.090515,1070.316162,633.523804,0,0,0,0,0,15.455609
38,785.633911,597.879211,725.697632,600.523132,1,1,1,0,1,0.404655
39,768.140991,611.838074,707.745361,614.664490,1,1,0,1,1,0.306135
40,764.001953,181.083618,727.196838,182.838257,1,1,1,0,1,0.291457
41,819.749207,105.939888,790.036682,106.893250,1,1,1,0,1,0.437617
42,797.614685,148.525513,762.533386,150.204971,1,1,1,0,1,0.273076
43,288.440308,312.273193,235.948074,315.232300,1,1,1,0,1,0.817299
44,560.355042,610.739990,496.548004,613.034790,1,1,0,1,1,0.866164
45,666.506042,602.026978,604.505493,605.617249,0,0,0,0,0,0.490992
46,1032.026245,169.701599,1000.603882,170.222656,1,1,1,0,1,0.583362
47,1210.747803,396.225037,1216.127808,403.747955,0,0,0,0,0,6.722337
48,689.081604,222.305862,649.521790,224.225113,1,1,1,0,1,0.333725
49,264.555481,284.508087,213.576492,286.581146,1,1,1,0,1,0.055290
50,465.548645,200.364212,422.607117,201.944595,1,1,1,0,1,0.268127
51,796.282166,548.149109,739.071899,550.566589,1,1,0,1,1,0.299613
52,353.582458,334.146362,300.508484,336.688660,1,1,1,0,1,0.420417
53,796.282166,548.149109,739.071899,550.566589,1,1,1,0,1,0.299613
54,1059.940552,320.932617,1022.378479,321.943298,1,1,1,0,1,0.379872
55,937.980652,184.489349,904.010803,186.112015,1,1,1,0,1,0.380413
56,500.617462,120.322044,463.725403,121.654579,1,1,0,1,1,0.503807
57,731.802063,582.733032,672.091125,584.554504,1,1,1,0,1,1.123712
58,317.692749,310.865509,265.803467,312.706268,1,1,1,0,1,0.269001
59,781.969238,521.762024,725.952637,523.809631,1,1,1,0,1,0.512766
60,330.692383,285.041901,280.089722,288.079803,1,1,1,0,1,0.972337
61,435.550293,219.868912,391.155426,221.814407,1,1,0,1,1,0.055230
62,804.519287,576.999634,745.712830,580.348145,1,1,1,0,1,0.436777
63,776.071594,565.668579,718.697571,568.280457,1,1,1,0,1,0.191932
64,264.555481,284.508087,213.576492,286.581146,1,1,1,0,1,0.055290
65,740.616150,95.527794,710.833252,97.411140,0,0,0,0,0,0.364465
66,777.643921,534.406128,722.295105,536.974365,1,1,1,0,1,0.032301
67,448.936371,176.900513,407.316254,178.476807,1,1,0,1,1,0.293626
68,303.690765,274.455719,253.995285,276.113129,1,1,1,0,1,0.418988
69,1020.540955,166.017639,989.102478,167.352951,1,1,1,0,1,0.218888
70,424.078735,210.172394,411.365845,193.160263,0,0,0,0,0,18.828168
71,790.750977,564.075867,733.013611,566.512634,1,1,1,0,1,0.372175
72,308.429565,298.706451,257.425262,301.164429,1,1,1,0,1,0.359286
73,290.144257,264.739685,240.580154,266.261078,1,1,0,1,1,0.563089
74,777.643921,534.406128,722.295105,536.974365,1,1,1,0,1,0.032301
75,493.578949,182.580246,452.022858,183.953217,1,1,1,0,1,0.438936
76,1006.350159,201.877853,971.446838,204.291595,1,1,1,0,1,1.232062
77,1105.744385,187.097702,1075.456909,188.780273,1,1,1,0,1,0.652954
78,776.071594,565.668579,718.697571,568.280457,1,1,0,1,1,0.191932
79,1000.902344,187.663712,966.518738,189.034637,1,1,1,0,1,0.203140
80,781.435425,625.815735,719.755371,628.899597,1,1,1,0,1,0.174696
81,265.960510,260.588959,215.767807,261.925232,1,1,1,0,1,0.775233
82,476.171295,134.324142,437.497498,136.281906,1,1,1,0,1,0.101741
83,1211.723755,579.496216,1217.201660,568.208557,0,0,0,0,0,12.307304
84,1098.587402,35.987309,1071.791382,35.595051,1,1,0,1,1,1.357109
85,281.304749,305.386230,272.750732,281.054260,0,0,0,0,0,26.062191
86,1056.601685,117.310883,1027.693604,117.805595,1,1,1,0,1,0.540354
87,321.895599,287.307312,272.303192,289.305206,1,1,1,0,1,0.067931
88,421.690186,142.172806,381.620789,143.591309,1,1,1,0,1,0.506579
89,1035.386108,189.820999,1004.565369,192.364380,0,0,0,0,0,1.421923
90,607.149109,590.319763,545.219849,592.825134,1,1,1,0,1,0.513892
91,965.455688,164.801712,936.261414,168.051697,0,0,0,0,0,2.061462
92,261.116333,299.048309,209.763641,301.207123,1,1,0,1,1,0.015871
93,719.637695,87.303085,688.454102,88.768044,1,1,1,0,1,0.086181
94,702.644531,572.591187,644.250061,574.700806,1,1,1,0,1,0.741081
95,358.094543,234.446487,312.386902,237.295715,1,1,1,0,1,0.865151
96,325.133179,258.138458,277.252167,260.891632,1,1,1,0,1,0.717055
97,606.103210,564.901550,546.054443,568.026855,1,1,0,1,1,0.276491
98,731.235535,551.282471,674.615234,553.730591,1,1,1,0,1,0.258712
99,532.859009,143.819489,468.813843,159.752914,0,0,0,0,0,14.186410
100,947.617798,179.555450,913.481323,181.189377,1,1,1,0,1,0.408248
101,339.885345,341.220215,286.919647,342.830750,1,1,1,0,1,0.528470
102,952.357178,159.681992,922.690186,162.613358,0,0,0,0,0,1.728136
103,389.449463,198.074066,378.010681,181.710297,0,0,0,0,0,18.247519
104,267.019409,358.287445,211.846664,360.147919,1,1,1,0,1,0.379856
105,703.845520,530.901245,646.129028,533.257751,1,1,0,1,1,0.286972
106,1204.269043,307.913208,1218.873169,416.070007,0,0,0,0,0,107.486441
107,866.869446,431.743042,862.246887,436.823822,0,0,0,0,0,3.929290
108,338.175171,335.315277,284.788269,336.999451,1,1,1,0,1,0.453674
109,636.409119,560.838928,576.061523,563.562378,1,1,1,0,1,0.119548
110,719.920593,559.811401,662.196167,561.921143,1,1,1,0,1,0.664960
111,1037.393188,299.461090,1003.199829,302.983765,0,0,0,0,0,2.200624
112,579.287720,616.308167,520.921082,612.152710,0,0,0,0,0,7.156024
113,1005.132996,177.221985,973.330017,177.936447,1,1,1,0,1,0.432489
114,255.398621,266.849335,204.399185,267.934448,0,0,0,0,0,1.044409
115,798.843872,707.442078,732.274475,712.368896,0,0,0,0,0,0.968410
116,41.932709,177.365143,28.253168,217.033722,0,0,0,0,0,37.372628
117,791.725281,128.745071,756.302429,130.657318,1,1,0,1,1,0.501524
118,1084.802246,41.980881,1057.938965,42.393318,1,1,1,0,1,0.575626
119,768.018127,601.373047,708.118774,604.215820,1,1,1,0,1,0.217914
120,811.694458,46.042240,686.711731,38.465446,0,0,0,0,0,8.184866
121,1067.253662,424.682312,1028.310913,429.286469,0,0,0,0,0,2.863113
122,797.614685,148.525513,762.533386,150.204971,1,1,1,0,1,0.273076
123,270.584198,276.704468,219.934326,278.392731,1,1,1,0,1,0.428002
124,336.300018,349.902863,281.775879,351.833740,1,1,0,1,1,0.242946
125,730.024170,533.469421,673.836853,535.990784,1,1,1,0,1,0.094343
126,739.495178,583.382080,679.496460,586.349548,1,1,1,0,1,0.004893
127,755.872131,629.646973,691.716370,632.818848,1,1,1,0,1,0.180662
128,800.119934,567.519104,741.662903,569.689148,1,1,1,0,1,0.678263
129,967.190857,206.546432,930.545288,207.772720,1,1,0,1,1,0.012611
130,698.214478,63.846722,669.199280,62.754066,0,0,0,0,0,2.716544
131,900.539368,362.792877,867.729614,382.162903,0,0,0,0,0,17.815309
132,444.852661,227.896362,431.995728,210.133087,0,0,0,0,0,19.517949
133,767.042480,83.186562,735.835388,86.931297,0,0,0,0,0,2.267504
134,329.309998,241.573517,282.136658,243.473587,1,1,1,0,1,0.123500
135,1065.121338,392.093109,1024.141724,393.302765,1,1,1,0,1,0.446917
136,742.268860,174.197327,705.938477,175.166641,1,1,1,0,1,0.518174
137,606.103210,564.901550,546.054443,568.026855,1,1,1,0,1,0.276491
138,1000.081787,89.135887,967.671631,90.114662,1,1,0,1,1,0.117057
139,924.413513,123.820282,897.235352,124.041748,1,1,1,0,1,1.017026
140,788.923523,166.010788,753.713440,167.195786,1,1,1,0,1,0.238216
141,971.087219,60.184986,942.682007,60.724037,1,1,1,0,1,0.630185
142,1165.819214,743.294434,1115.604126,743.386780,1,1,1,0,0,3.746930
143,324.329926,170.257874,280.765381,171.690903,1,1,0,1,1,0.602749
144,231.243484,82.047630,263.934967,55.495872,0,0,0,0,0,29.345685
145,1047.357788,159.416061,1017.888550,161.098282,1,1,1,0,1,0.607106
146,732.269653,203.914536,694.079163,205.323334,1,1,1,0,1,0.109159
147,1167.113525,797.062744,1104.389160,790.948608,0,0,0,0,0,10.910830
148,900.539368,362.792877,867.729614,382.162903,0,0,0,0,0,17.815309
149,1067.465332,169.061447,1036.808838,170.034729,1,1,1,0,1,0.083944
150,297.612823,248.748581,247.990936,250.997864,1,1,1,0,1,0.176698
151,177.914505,329.213409,167.314697,344.833649,0,0,0,0,0,13.880371
152,177.914505,329.213409,167.314697,344.833649,0,0,0,0,0,13.880371
153,841.062988,72.528549,810.845032,73.611176,1,1,0,1,1,0.286824
154,312.897095,198.321091,269.059937,200.179306,1,1,1,0,1,0.177005
155,553.017700,673.081238,485.414490,675.293274,1,1,1,0,1,1.397411
156,478.710022,773.541077,377.248383,776.273621,1,1,1,0,0,2.861412
157,638.412170,595.884338,578.484497,602.723938,0,0,0,0,0,3.834714
158,1116.243896,462.604553,1084.850708,479.138611,0,0,0,0,0,14.803620
159,1107.647705,148.625214,1077.896729,150.465897,1,1,1,0,1,0.857669
160,329.152924,739.833679,258.654144,744.327942,0,0,0,0,0,0.555747
161,339.442535,244.112305,291.039581,245.885880,1,1,0,1,1,0.246806
162,317.962158,242.150528,269.559021,244.129486,1,1,1,0,1,0.063628
163,670.054565,449.641846,637.808105,445.811249,0,0,0,0,0,5.619702
164,392.771027,213.724640,441.648590,162.638107,0,0,0,0,0,52.865867
165,261.408142,254.797852,211.718109,255.923386,0,0,0,0,0,0.985856
166,517.029175,666.134155,447.968536,654.640503,0,0,0,0,0,15.051882
167,614.735168,542.016846,555.867737,543.778076,1,1,1,0,1,0.953845
168,350.281555,251.322586,302.377991,253.518127,1,1,1,0,1,0.187075
169,629.644348,558.764160,569.389160,560.069885,0,0,0,0,0,1.520601
170,1112.959351,37.257401,1085.912231,37.653507,1,1,1,0,1,0.540428
171,467.954620,769.124939,370.890381,772.709229,1,1,0,1,0,1.777676
172,567.837158,736.065369,494.904510,741.171387,0,0,0,0,0,0.892952
173,192.242569,257.434479,229.856995,214.651520,0,0,0,0,0,44.523825
174,478.710022,773.541077,849.158813,416.304565,0,0,0,0,0,346.791818
175,344.698547,719.186951,276.085693,720.615051,1,1,1,0,0,2.328365
