=== RT SIFT DIAGNOSTICS ===
This report describes the selected best frame pair only.
Coordinates are undistorted display pixels: frame_B/UI-left -> frame_A/UI-right.

[SELECTED_PAIR]
video=SU01\video_20260729_132923.mp4
frame_left_B=1
frame_right_A=0
shared_markers=1
baseline_mm=22.335639
rt_sift_role=final_rt
rt_sift_applied=True
rt_reliable=True

[PIPELINE_COUNTS]
left_keypoint_count=787
right_keypoint_count=789
left_descriptor_count=787
right_descriptor_count=789
knn_pair_count=787
ratio_pass_count=124
mutual_pass_count=120
spatially_balanced_count=74
essential_ransac_inlier_count=38
recoverpose_inlier_count=38
final_rt_sift_point_count=30
final_rt_feature_inlier_count=38
final_rt_feature_outlier_count=36

[FEATURE_QUALITY]
match_count=74
essential_inlier_count=38
inlier_count=38
inlier_ratio=0.5135135135135135
grid_coverage=0.2916666666666667
hull_coverage=0.158350324305447
parallax_deg=10.305044400733665
homography_ratio=0.43243243243243246
planar_degenerate=False
model_epi_px=0.26361173629514606
quality_penalty=0.0
quality_ok=True
strong=False
marker_rt_feature_epi_px=1.9108406891094334
final_feature_epi_px=0.26297800180442316
final_feature_inlier_p90_px=0.8455782405616344
final_feature_all_p90_px=73.73734637076788
final_feature_holdout_median_px=0.49985031437079785
marker_bidir_rms_px=0.17334278214031426
marker_left_to_right_rms_px=0.19266017402709223
marker_right_to_left_rms_px=0.15158330245821747
marker_bidir_max_px=0.26400630594189867
marker_pnp_self_reproj_px=0.08734376728534698
joint_solution_role=joint_from_marker_w4
feature_rot_agreement_deg=0.632599295865997
pair_score=0.7116561319516761
combined_score=0.2169311502738805
sharpness_min=63.35418444378068
marker_coverage=0.0006190511381994668

[ACTIVE_THRESHOLDS]
sift_max_keypoints=800
sift_contrast_threshold=0.01
match_ratio=0.75
ransac_threshold_px=0.75
min_matches=11
min_inlier_ratio=0.28
min_grid_coverage=0.16666666666666666
min_hull_coverage=0.02
min_parallax_deg=1.0
strong_inliers=40
strong_grid_coverage=0.25

final_feature_inlier_px=1.5
final_feature_p90_max_px=1.25
marker_bidir_rms_max_px=1.5
marker_bidir_point_max_px=2.0

[FINAL_RT_LEFT_TO_RIGHT]
R0=0.999962491807 -0.000682632438177 0.00863417584609
R1=0.000698552469183 0.999998061448 -0.00184095774363
R2=-0.00863290241081 0.00184692011748 0.999961030182
t_mm=-22.3233352797 0.686515841295 0.279554018319

[GRID_COUNTS_6x4]
raw_keypoints_left
   119  175  194    0    0    0
    11  163  125    0    0    0
     0    0    0    0    0    0
     0    0    0    0    0    0
raw_keypoints_right
    66  256  109    0    0    0
    18  265   75    0    0    0
     0    0    0    0    0    0
     0    0    0    0    0    0
balanced_candidates_left
     1    1    3    1    0    4
     2    1    1   17   16    4
     0    0    0    5   13    1
     0    1    0    2    0    1
balanced_candidates_right
     2    1    1    1    2    2
     3    1    2   24    6    3
     1    0    5    6    9    1
     0    1    0    1    0    2
essential_inliers_left
     0    0    0    1    0    1
     0    1    0   11   14    0
     0    0    0    1    9    0
     0    0    0    0    0    0
essential_inliers_right
     0    0    0    1    1    0
     1    0    2   19    4    0
     0    0    1    3    6    0
     0    0    0    0    0    0
recoverpose_inliers_left
     0    0    0    1    0    1
     0    1    0   11   14    0
     0    0    0    1    9    0
     0    0    0    0    0    0
recoverpose_inliers_right
     0    0    0    1    1    0
     1    0    2   19    4    0
     0    0    1    3    6    0
     0    0    0    0    0    0
joint_optimization_left
     0    0    0    1    0    1
     0    0    0    9   12    0
     0    0    0    1    6    0
     0    0    0    0    0    0
joint_optimization_right
     0    0    0    1    1    0
     0    0    2   15    4    0
     0    0    1    2    4    0
     0    0    0    0    0    0
holdout_left
     0    0    0    0    0    0
     0    1    0    2    2    0
     0    0    0    0    3    0
     0    0    0    0    0    0
holdout_right
     0    0    0    0    0    0
     1    0    0    4    0    0
     0    0    0    1    2    0
     0    0    0    0    0    0
final_rt_inliers_left
     0    0    0    1    0    1
     0    1    0   11   14    0
     0    0    0    1    9    0
     0    0    0    0    0    0
final_rt_inliers_right
     0    0    0    1    1    0
     1    0    2   19    4    0
     0    0    1    3    6    0
     0    0    0    0    0    0

[MATCH_TABLE]
index,left_x,left_y,right_x,right_y,essential_inlier,recoverpose_inlier,optimization_used,holdout,final_rt_inlier,final_epipolar_px
1,271.614655,472.852966,197.392593,474.849213,1,1,0,1,1,0.079927
2,501.212738,52.730476,165.875198,592.922668,0,0,0,0,0,526.925080
3,1141.794189,152.732681,1127.316040,164.876114,0,0,0,0,0,14.997108
4,929.301758,492.294128,836.854797,493.990967,1,1,1,0,1,0.818915
5,1067.949341,104.657677,994.133301,104.618416,1,1,1,0,1,0.257748
6,856.178955,382.205048,772.645081,384.222382,1,1,1,0,1,0.047444
7,856.178955,382.205048,772.645081,384.222382,1,1,1,0,1,0.047444
8,920.535828,379.479736,832.384216,380.454926,1,1,0,1,1,1.168095
9,788.665649,346.781799,704.701965,349.148071,1,1,1,0,1,0.191371
10,919.610474,369.219391,832.848083,371.182343,1,1,1,0,1,0.106664
11,862.418945,358.816376,779.214905,360.952911,1,1,1,0,1,0.126618
12,848.018311,339.311371,764.030884,341.377869,1,1,1,0,1,0.025576
13,1192.095459,324.707153,503.558350,701.713257,0,0,0,0,0,353.466705
14,796.903748,361.776550,712.767395,363.474579,1,1,0,1,1,0.470828
15,890.431946,347.142944,806.694153,350.728882,0,0,0,0,0,1.627296
16,774.524597,430.819153,687.304382,433.913086,1,1,1,0,1,0.791311
17,930.317383,425.471497,840.869019,427.780579,1,1,1,0,1,0.023171
18,768.453552,500.613770,680.034851,502.176910,1,1,1,0,1,0.716488
19,984.293274,663.584229,881.127258,664.321533,0,0,0,0,0,2.478839
20,797.626831,431.587830,712.371460,434.842438,1,1,1,0,1,1.039038
21,776.854370,364.745483,692.307312,367.779846,1,1,0,1,1,0.811317
22,480.288849,70.142693,406.089630,85.254982,0,0,0,0,0,11.480472
23,1180.147095,793.427612,1182.694824,812.110229,0,0,0,0,0,16.964847
24,755.697632,441.410645,668.213928,443.777863,1,1,1,0,1,0.053293
25,812.034790,458.255157,725.192383,462.167236,0,0,0,0,0,1.647977
26,1234.388306,204.780670,1242.544556,219.685287,0,0,0,0,0,18.560272
27,908.239990,378.209473,821.661377,380.418854,1,1,1,0,1,0.109153
28,899.216064,413.420410,812.167908,415.743286,1,1,1,0,1,0.127503
29,814.751282,411.779602,733.066284,416.031372,0,0,0,0,0,2.182233
30,793.630432,274.286102,717.178711,271.085358,0,0,0,0,0,5.007512
31,687.408020,459.371216,602.774048,461.610809,1,1,1,0,1,0.033914
32,774.540527,407.509979,688.001160,411.795258,0,0,0,0,0,1.994471
33,926.673523,459.153381,834.958801,461.354980,1,1,0,1,1,0.232773
34,849.735962,379.317657,765.425232,380.719513,1,1,1,0,1,0.697586
35,1200.532349,322.043152,1197.600586,325.114227,0,0,0,0,0,5.009471
36,938.251526,295.100739,858.049255,296.184845,1,1,1,0,1,0.472057
37,1040.515259,343.398804,955.365540,349.587189,0,0,0,0,0,4.466899
38,957.603088,323.098206,873.999817,325.746490,1,1,1,0,1,0.907793
39,994.917725,570.521851,899.895386,571.466553,0,0,0,0,0,1.891825
40,1186.993774,351.685883,1052.584839,250.108261,0,0,0,0,0,104.575625
41,618.777405,233.761749,531.167236,235.257767,0,0,0,0,0,1.485818
42,174.124756,357.278625,165.632904,283.828400,0,0,0,0,0,74.376432
43,907.417725,634.751526,808.724609,637.657654,1,1,1,0,1,0.107136
44,858.168396,586.862366,762.160278,589.852234,1,1,0,1,1,0.399883
45,906.750549,610.539246,807.420776,613.498779,1,1,1,0,1,0.145195
46,446.580322,431.420197,366.715302,481.563599,0,0,0,0,0,47.955748
47,744.083557,779.004395,700.971313,806.381714,0,0,0,0,0,27.123033
48,1169.755615,243.833084,1060.946777,358.810608,0,0,0,0,0,112.793269
49,757.163269,552.184265,665.047546,557.120850,0,0,0,0,0,2.623757
50,41.753677,177.037476,1070.456665,363.876465,0,0,0,0,0,227.692516
51,227.442688,822.581543,215.088181,839.295044,0,0,0,0,0,20.604562
52,172.482971,369.686951,174.001266,297.857819,0,0,0,0,0,72.246147
53,968.810913,599.041016,870.175781,601.458252,1,1,1,0,1,0.528873
54,1137.038940,302.939667,1138.810425,307.532196,0,0,0,0,0,6.752766
55,784.883057,254.129074,710.690186,255.821182,1,1,1,0,1,0.038244
56,695.985352,471.827789,609.341370,474.276031,1,1,1,0,1,0.200343
57,994.793579,681.999817,902.243958,616.265015,0,0,0,0,0,68.602435
58,723.334595,611.833740,629.488464,611.417542,0,0,0,0,0,2.577235
59,968.810913,599.041016,870.175781,601.458252,1,1,0,1,1,0.528873
60,787.212158,432.530457,1174.448975,794.668152,0,0,0,0,0,375.073519
61,767.686279,586.741028,672.608398,587.692871,0,0,0,0,0,1.412167
62,725.659668,611.386902,630.015930,613.930664,1,1,1,0,1,0.320408
63,796.214600,814.509827,529.064880,759.073730,0,0,0,0,0,62.155872
64,252.895630,232.932587,188.517380,233.144333,0,0,0,0,0,3.500334
65,961.601624,647.566772,861.416565,650.864807,1,1,1,0,1,0.268208
66,1164.730835,752.771851,1157.197510,758.295532,0,0,0,0,0,3.925517
67,996.309753,546.350952,902.605225,549.188599,1,1,1,0,1,0.093551
68,977.467651,328.034180,893.648926,330.045166,1,1,1,0,1,0.290971
69,777.212280,583.037537,685.003479,587.002014,0,0,0,0,0,1.668922
70,999.544067,571.760803,903.252563,575.269470,1,1,0,1,1,0.613650
71,755.141663,476.947540,131.280716,216.051208,0,0,0,0,0,284.153048
72,945.942810,332.007965,860.399292,332.896240,1,1,1,0,1,0.979889
73,961.601624,647.566772,861.416565,650.864807,1,1,1,0,1,0.268208
74,998.047363,529.830627,584.284241,592.208801,0,0,0,0,0,48.891103
