=== RT SIFT DIAGNOSTICS ===
This report describes the selected best frame pair only.
Coordinates are undistorted display pixels: frame_B/UI-left -> frame_A/UI-right.

[SELECTED_PAIR]
video=SU01\video_20260729_135030.mp4
frame_left_B=1
frame_right_A=0
shared_markers=1
baseline_mm=21.741764
rt_sift_role=final_rt
rt_sift_applied=True
rt_reliable=True

[PIPELINE_COUNTS]
left_keypoint_count=783
right_keypoint_count=782
left_descriptor_count=783
right_descriptor_count=782
knn_pair_count=783
ratio_pass_count=107
mutual_pass_count=101
spatially_balanced_count=80
essential_ransac_inlier_count=46
recoverpose_inlier_count=46
final_rt_sift_point_count=36
final_rt_feature_inlier_count=45
final_rt_feature_outlier_count=35

[FEATURE_QUALITY]
match_count=80
essential_inlier_count=46
inlier_count=46
inlier_ratio=0.575
grid_coverage=0.25
hull_coverage=0.1048321957673977
parallax_deg=10.851325255052853
homography_ratio=0.4625
planar_degenerate=False
model_epi_px=0.4217505068323304
quality_penalty=0.0
quality_ok=True
strong=True
marker_rt_feature_epi_px=1.2246687225836568
final_feature_epi_px=0.41609265365647935
final_feature_inlier_p90_px=0.7996608579544123
final_feature_all_p90_px=13.595643061148472
final_feature_holdout_median_px=0.535635704305524
marker_bidir_rms_px=0.14884708774238894
marker_left_to_right_rms_px=0.1707763885880459
marker_right_to_left_rms_px=0.1230704520167437
marker_bidir_max_px=0.22301613426352754
marker_pnp_self_reproj_px=0.07415487617254257
joint_solution_role=joint_from_marker_w4
feature_rot_agreement_deg=1.2697254510878075
pair_score=0.6757469837887321
combined_score=0.24950742087928374
sharpness_min=67.91157313748263
marker_coverage=0.0011525879922928083

[ACTIVE_THRESHOLDS]
sift_max_keypoints=800
sift_contrast_threshold=0.01
match_ratio=0.75
ransac_threshold_px=0.75
min_matches=11
min_inlier_ratio=0.28
min_grid_coverage=0.16666666666666666
min_hull_coverage=0.02
min_parallax_deg=1.0
strong_inliers=40
strong_grid_coverage=0.25

final_feature_inlier_px=1.5
final_feature_p90_max_px=1.25
marker_bidir_rms_max_px=1.5
marker_bidir_point_max_px=2.0

[FINAL_RT_LEFT_TO_RIGHT]
R0=0.999968987019 0.00104374720177 0.00780612532923
R1=-0.000974455617985 0.999960140657 -0.00887510750317
R2=-0.00781507755082 0.00886722553694 0.999930145997
t_mm=-21.6917921235 1.45912610824 0.20351788137

[GRID_COUNTS_6x4]
raw_keypoints_left
    40  149  154    0    0    0
    11   92  337    0    0    0
     0    0    0    0    0    0
     0    0    0    0    0    0
raw_keypoints_right
    36  233   92    0    0    0
     1  276  144    0    0    0
     0    0    0    0    0    0
     0    0    0    0    0    0
balanced_candidates_left
     1    1    3    0    0    1
     0    0    1   18   15    2
     0    0    0   15   17    3
     0    0    1    0    1    1
balanced_candidates_right
     1    1    3    0    0    1
     0    0    4   24    5    2
     0    0    5   24    8    0
     0    0    1    1    0    0
essential_inliers_left
     0    0    0    0    0    0
     0    0    0   13   11    0
     0    0    0    6   12    3
     0    0    0    0    1    0
essential_inliers_right
     0    0    0    0    0    0
     0    0    1   22    1    0
     0    0    1   13    7    0
     0    0    0    1    0    0
recoverpose_inliers_left
     0    0    0    0    0    0
     0    0    0   13   11    0
     0    0    0    6   12    3
     0    0    0    0    1    0
recoverpose_inliers_right
     0    0    0    0    0    0
     0    0    1   22    1    0
     0    0    1   13    7    0
     0    0    0    1    0    0
joint_optimization_left
     0    0    0    0    0    0
     0    0    0   10    8    0
     0    0    0    5   10    3
     0    0    0    0    0    0
joint_optimization_right
     0    0    0    0    0    0
     0    0    1   17    0    0
     0    0    1   11    6    0
     0    0    0    0    0    0
holdout_left
     0    0    0    0    0    0
     0    0    0    3    3    0
     0    0    0    1    2    0
     0    0    0    0    1    0
holdout_right
     0    0    0    0    0    0
     0    0    0    5    1    0
     0    0    0    2    1    0
     0    0    0    1    0    0
final_rt_inliers_left
     0    0    0    0    0    0
     0    0    0   13   11    0
     0    0    0    6   12    3
     0    0    0    0    0    0
final_rt_inliers_right
     0    0    0    0    0    0
     0    0    1   22    1    0
     0    0    1   13    7    0
     0    0    0    0    0    0

[MATCH_TABLE]
index,left_x,left_y,right_x,right_y,essential_inlier,recoverpose_inlier,optimization_used,holdout,final_rt_inlier,final_epipolar_px
1,283.224976,27.001879,294.748810,28.746582,0,0,0,0,0,7.277787
2,1205.828735,284.270905,1212.929810,313.386688,0,0,0,0,0,36.690762
3,622.262268,175.272720,557.217407,176.637543,0,0,0,0,0,1.831621
4,935.918213,287.654877,858.465637,288.988159,0,0,0,0,0,1.455566
5,73.058189,227.150864,74.052086,254.264771,0,0,0,0,0,29.023471
6,726.801086,608.945374,618.895264,611.008667,0,0,0,0,0,1.273465
7,927.226624,947.346741,818.533264,946.133118,1,1,0,1,0,2.196994
8,810.159241,392.681152,719.885620,394.724762,1,1,1,0,1,0.034546
9,662.559814,553.072021,565.872253,559.779175,0,0,0,0,0,3.941254
10,885.988098,343.275604,799.820190,344.232025,1,1,1,0,1,0.234896
11,793.297974,542.775452,687.579224,545.164917,0,0,0,0,0,0.986234
12,832.919250,375.578979,743.396240,377.859497,1,1,1,0,1,0.467191
13,566.796265,99.441612,518.761475,79.950966,0,0,0,0,0,17.111188
14,837.411499,428.949554,744.452332,431.317841,1,1,1,0,1,0.097949
15,896.492310,396.255859,805.050964,398.656860,1,1,0,1,1,0.516913
16,923.273682,365.470978,837.233398,366.729462,1,1,1,0,1,0.049595
17,908.096313,417.202637,816.559692,420.195007,1,1,1,0,1,1.028857
18,837.411499,428.949554,744.452332,431.317841,1,1,1,0,1,0.097949
19,787.121948,497.426483,685.850647,499.622162,1,1,1,0,1,0.892834
20,770.884216,412.416870,677.294128,414.456085,1,1,0,1,1,0.396423
21,932.488098,433.035278,838.645569,435.185486,1,1,1,0,1,0.003872
22,886.028076,400.173584,794.532227,402.242584,1,1,1,0,1,0.137176
23,823.275146,477.733032,726.832886,479.590668,1,1,1,0,1,0.801332
24,831.725708,456.044128,739.377441,458.403137,1,1,1,0,1,0.058511
25,1210.303589,848.934082,562.218262,317.578217,0,0,0,0,0,572.305750
26,820.122375,505.972412,722.518616,509.824188,1,1,0,1,1,1.078833
27,831.737854,653.506592,717.283020,657.090149,1,1,1,0,1,0.084183
28,917.666382,429.977509,824.976318,432.018738,1,1,1,0,1,0.040183
29,863.708130,652.579285,750.745667,656.836914,1,1,1,0,1,0.658416
30,872.833496,556.849854,771.554382,559.067871,1,1,1,0,1,0.770075
31,777.701965,509.966003,675.278015,511.120941,0,0,0,0,0,2.024063
32,630.913879,124.616837,563.993286,128.903030,0,0,0,0,0,5.107420
33,891.868408,387.399963,801.235046,389.896423,1,1,0,1,1,0.706757
34,903.260681,692.284058,786.622681,695.227478,1,1,1,0,1,0.793182
35,761.530029,430.293854,665.742249,429.996246,0,0,0,0,0,2.955269
36,977.371460,310.222076,905.665894,320.102051,0,0,0,0,0,10.344019
37,834.686951,401.919098,742.157349,404.489899,1,1,1,0,1,0.416093
38,889.298279,441.825806,796.569580,444.521851,1,1,1,0,1,0.509511
39,947.084290,486.373627,849.259766,489.662506,1,1,1,0,1,0.667271
40,776.115234,418.776794,681.638367,421.589996,1,1,0,1,1,0.304065
41,820.494751,626.747131,708.730164,630.292542,1,1,1,0,1,0.036238
42,704.471375,357.441681,613.331055,365.246887,0,0,0,0,0,5.484132
43,761.980957,450.033020,664.445557,453.117188,1,1,1,0,1,0.253713
44,1190.892578,398.404602,1197.082153,426.251404,0,0,0,0,0,33.904242
45,841.230408,600.030701,733.899414,601.596436,0,0,0,0,0,1.790143
46,702.817139,538.933594,600.322083,544.621582,0,0,0,0,0,2.470484
47,637.505798,905.584351,585.111755,917.622925,0,0,0,0,0,15.874787
48,907.047485,732.052246,785.618347,736.558960,1,1,1,0,1,0.648451
49,1054.771240,610.887207,948.180786,614.036499,1,1,1,0,1,0.279800
50,924.360168,710.409546,812.092529,713.234253,1,1,0,1,1,0.544020
51,860.055786,512.273865,763.900085,514.444885,1,1,1,0,1,0.447892
52,805.666199,518.639343,699.953308,521.023987,0,0,0,0,0,1.009760
53,1048.542603,644.572083,938.223694,648.741821,1,1,1,0,1,0.495421
54,838.755554,670.594543,722.806335,672.409363,0,0,0,0,0,1.882578
55,872.833496,556.849854,771.554382,559.067871,1,1,1,0,1,0.770075
56,1054.771240,610.887207,948.180786,614.036499,1,1,1,0,1,0.279800
57,1169.854248,17.307543,1106.798706,23.879183,0,0,0,0,0,13.342405
58,975.004272,373.048309,890.858826,375.653656,0,0,0,0,0,1.631803
59,962.803589,502.908569,863.488892,505.136353,1,1,0,1,1,0.527251
60,1116.802124,699.486694,1003.725647,703.814941,1,1,1,0,1,0.412836
61,830.878479,537.663330,741.481628,538.984253,1,1,1,0,1,0.805603
62,749.313538,613.412903,634.950867,617.851135,1,1,1,0,1,0.638416
63,1069.340210,678.004578,958.263489,681.464233,1,1,1,0,1,0.248450
64,837.091919,641.778564,724.935913,647.572815,0,0,0,0,0,2.233788
65,805.525391,566.178528,699.685730,566.813599,0,0,0,0,0,2.694459
66,626.087524,457.120728,526.270325,468.733551,0,0,0,0,0,8.287530
67,909.685913,579.233398,813.762695,571.588684,0,0,0,0,0,10.188078
68,943.357178,668.624512,829.914734,668.092346,0,0,0,0,0,4.207043
69,866.366821,697.978333,752.520630,705.140747,0,0,0,0,0,3.727984
70,843.925049,655.953491,730.263123,660.362488,1,1,0,1,1,0.797154
71,932.891052,687.222229,817.062744,691.125916,1,1,1,0,1,0.146438
72,872.822205,517.413269,777.603577,515.984863,0,0,0,0,0,3.956551
73,783.315552,703.644531,666.131104,706.940491,1,1,1,0,1,0.195511
74,722.425110,509.317596,620.723206,514.755066,0,0,0,0,0,2.234162
75,1038.600586,386.047333,1004.240295,416.898590,0,0,0,0,0,33.613974
76,714.030029,446.345581,980.108154,731.075073,0,0,0,0,0,308.684863
77,883.126587,757.560486,760.309692,762.307739,0,0,0,0,0,1.033608
78,1069.340210,678.004578,958.263489,681.464233,1,1,1,0,1,0.248450
79,721.680725,349.651550,634.265564,350.846832,1,1,1,0,1,0.710657
80,995.059998,622.819092,885.973938,626.226868,1,1,0,1,1,0.136193
