=== RT SIFT DIAGNOSTICS ===
This report describes the selected best frame pair only.
Coordinates are undistorted display pixels: frame_B/UI-left -> frame_A/UI-right.

[SELECTED_PAIR]
video=SU01\video_20260729_140353.mp4
frame_left_B=1
frame_right_A=0
shared_markers=1
baseline_mm=20.719953
rt_sift_role=final_rt
rt_sift_applied=True
rt_reliable=True

[PIPELINE_COUNTS]
left_keypoint_count=778
right_keypoint_count=787
left_descriptor_count=778
right_descriptor_count=787
knn_pair_count=778
ratio_pass_count=152
mutual_pass_count=137
spatially_balanced_count=126
essential_ransac_inlier_count=70
recoverpose_inlier_count=70
final_rt_sift_point_count=56
final_rt_feature_inlier_count=59
final_rt_feature_outlier_count=67

[FEATURE_QUALITY]
match_count=126
essential_inlier_count=70
inlier_count=70
inlier_ratio=0.5555555555555556
grid_coverage=0.4583333333333333
hull_coverage=0.22782589665824515
parallax_deg=6.673581690394023
homography_ratio=0.3412698412698413
planar_degenerate=False
model_epi_px=0.4144826995272195
quality_penalty=0.0
quality_ok=True
strong=True
marker_rt_feature_epi_px=188.80289731397966
final_feature_epi_px=0.6707133988091858
final_feature_inlier_p90_px=1.14540061661324
final_feature_all_p90_px=12.380625007418992
final_feature_holdout_median_px=1.0346042812009029
marker_bidir_rms_px=0.2413666308131603
marker_left_to_right_rms_px=0.2464893844329609
marker_right_to_left_rms_px=0.23613276837841218
marker_bidir_max_px=0.40894724355072953
marker_pnp_self_reproj_px=0.32731980085372925
joint_solution_role=joint_from_marker_w4
feature_rot_agreement_deg=82.25365547379289
pair_score=1.0649356954681455
combined_score=0.8529989617138463
sharpness_min=65.4361489198584
marker_coverage=0.0008626030287757658

[ACTIVE_THRESHOLDS]
sift_max_keypoints=800
sift_contrast_threshold=0.01
match_ratio=0.75
ransac_threshold_px=0.75
min_matches=11
min_inlier_ratio=0.28
min_grid_coverage=0.16666666666666666
min_hull_coverage=0.02
min_parallax_deg=1.0
strong_inliers=40
strong_grid_coverage=0.25

final_feature_inlier_px=1.5
final_feature_p90_max_px=1.25
marker_bidir_rms_max_px=1.5
marker_bidir_point_max_px=2.0

[FINAL_RT_LEFT_TO_RIGHT]
R0=0.999971431353 0.00539218947894 -0.00529724184308
R1=-0.00540167741177 0.999983829391 -0.00177843668049
R2=0.0052875665159 0.00180699986457 0.999984388074
t_mm=-20.6717884381 0.899611003169 1.08826368691

[GRID_COUNTS_6x4]
raw_keypoints_left
    56  269  166    0    0    0
    40   72  175    0    0    0
     0    0    0    0    0    0
     0    0    0    0    0    0
raw_keypoints_right
    71  328   75    0    0    0
    39  178   96    0    0    0
     0    0    0    0    0    0
     0    0    0    0    0    0
balanced_candidates_left
     1    6   24   12   10    4
     0    3    6   22   10    3
     0    0    1    6   16    0
     0    0    0    1    0    1
balanced_candidates_right
     3    8   23   13    7    3
     2    1   12   24    3    0
     1    0    3   17    3    2
     0    0    0    1    0    0
essential_inliers_left
     0    1   14    9    6    1
     0    0    4   16    7    1
     0    0    0    2    9    0
     0    0    0    0    0    0
essential_inliers_right
     0    3   14   11    3    0
     0    1    6   20    1    0
     0    0    1    9    1    0
     0    0    0    0    0    0
recoverpose_inliers_left
     0    1   14    9    6    1
     0    0    4   16    7    1
     0    0    0    2    9    0
     0    0    0    0    0    0
recoverpose_inliers_right
     0    3   14   11    3    0
     0    1    6   20    1    0
     0    0    1    9    1    0
     0    0    0    0    0    0
joint_optimization_left
     0    1   13    7    6    1
     0    0    4    9    7    0
     0    0    0    2    6    0
     0    0    0    0    0    0
joint_optimization_right
     0    3   13    9    3    0
     0    1    3   16    0    0
     0    0    1    6    1    0
     0    0    0    0    0    0
holdout_left
     0    0    1    2    0    0
     0    0    0    7    0    1
     0    0    0    0    3    0
     0    0    0    0    0    0
holdout_right
     0    0    1    2    0    0
     0    0    3    4    1    0
     0    0    0    3    0    0
     0    0    0    0    0    0
final_rt_inliers_left
     0    1   14    9    6    1
     0    0    4    8    6    1
     0    0    0    1    8    0
     0    0    0    0    0    0
final_rt_inliers_right
     0    3   14   11    3    0
     0    1    3   14    1    0
     0    0    0    9    0    0
     0    0    0    0    0    0

[MATCH_TABLE]
index,left_x,left_y,right_x,right_y,essential_inlier,recoverpose_inlier,optimization_used,holdout,final_rt_inlier,final_epipolar_px
1,981.627686,48.340816,284.103729,57.864906,0,0,0,0,0,57.835039
2,238.246399,489.737732,188.611710,493.789398,0,0,0,0,0,0.164396
3,250.595688,465.769073,202.392578,470.241302,0,0,0,0,0,0.417001
4,1073.163452,414.692566,969.786194,417.081085,1,1,0,1,1,0.513845
5,721.025146,81.955780,696.661438,77.217102,0,0,0,0,0,5.022434
6,444.805969,86.048599,414.139282,86.235718,0,0,0,0,0,1.076645
7,479.251129,109.578781,451.434479,111.540939,1,1,1,0,1,0.923573
8,669.802612,563.056641,575.942383,562.871948,1,1,1,0,0,3.492487
9,593.026794,197.084625,562.108765,198.603851,1,1,1,0,1,0.249828
10,446.788818,341.169952,407.880463,342.346008,1,1,1,0,1,1.289498
11,470.026184,87.242432,442.125397,89.171677,1,1,0,1,1,0.946138
12,541.497314,175.718704,512.882690,176.134399,0,0,0,0,0,0.745136
13,721.025146,81.955780,696.661438,77.217102,0,0,0,0,0,5.022434
14,609.228821,189.185715,578.055359,190.900681,1,1,1,0,1,0.470352
15,814.633240,329.694824,738.217651,336.436829,0,0,0,0,0,3.259835
16,811.148865,133.850357,770.676514,135.266922,1,1,1,0,1,0.189194
17,1074.665405,33.818123,1080.972656,14.026628,0,0,0,0,0,16.498683
18,622.019409,146.729492,594.595032,139.684647,0,0,0,0,0,7.850021
19,451.271576,82.399658,421.333862,84.478958,1,1,1,0,1,0.893745
20,1206.458374,470.196136,1207.817139,541.727600,0,0,0,0,0,75.745942
21,640.446899,208.157471,600.757568,208.980194,1,1,1,0,1,1.051054
22,805.659424,128.013031,765.624634,130.018051,1,1,0,1,1,0.412073
23,636.399475,242.341492,590.173462,245.649490,0,0,0,0,0,0.926788
24,919.872681,344.455444,840.729370,346.728668,1,1,1,0,1,0.765131
25,1036.354614,73.307968,987.994690,74.456268,1,1,1,0,1,0.880076
26,861.158142,117.114624,819.241577,118.381973,1,1,1,0,1,0.392686
27,667.910095,466.919312,586.320251,466.193817,0,0,0,0,0,4.279809
28,811.148865,133.850357,770.676514,135.266922,1,1,1,0,1,0.189194
29,298.514801,107.930748,260.486603,103.622215,0,0,0,0,0,6.487489
30,846.778198,392.777985,759.468201,395.853912,1,1,0,1,1,0.417217
31,405.049408,267.212097,387.568573,255.301331,0,0,0,0,0,12.704122
32,515.858887,114.575806,487.466888,116.313904,1,1,1,0,1,0.681932
33,361.112671,139.695190,1216.771118,221.011871,0,0,0,0,0,154.466820
34,1049.736206,55.258148,1053.482910,37.315269,0,0,0,0,0,14.961225
35,867.158020,104.714729,825.481689,106.097710,1,1,1,0,1,0.275171
36,834.100708,138.900391,789.590637,141.896912,1,1,1,0,1,1.095028
37,650.813965,197.875732,616.134399,195.941635,0,0,0,0,0,3.356269
38,539.374451,270.273987,504.260620,271.314789,1,1,1,0,1,0.770786
39,937.063843,622.092529,803.451477,624.470947,1,1,0,1,1,0.284703
40,948.549805,327.715424,894.998047,338.940765,0,0,0,0,0,9.925052
41,546.246399,234.045364,514.254639,235.197067,1,1,1,0,1,0.366996
42,906.247070,599.389404,780.170349,603.525391,0,0,0,0,0,1.724200
43,865.635193,403.571442,776.664062,405.242462,1,1,1,0,0,1.718023
44,820.205505,941.752625,671.249146,951.233826,0,0,0,0,0,12.057128
45,435.989166,92.080368,398.789703,95.111893,1,1,1,0,1,1.081736
46,981.259521,65.432106,982.419983,51.110851,0,0,0,0,0,11.715290
47,846.778198,392.777985,759.468201,395.853912,1,1,1,0,1,0.417217
48,667.910095,466.919312,586.320251,466.193817,0,0,0,0,0,4.279809
49,766.440063,505.119110,666.429016,506.978821,1,1,0,1,0,1.675437
50,512.738831,183.786209,481.829224,185.427094,1,1,1,0,1,0.195259
51,1026.641357,50.571537,1030.002075,34.335979,0,0,0,0,0,13.327770
52,496.972656,174.055542,197.356705,554.173401,0,0,0,0,0,359.481931
53,832.704407,538.643860,724.460632,539.437744,0,0,0,0,0,2.293528
54,1240.359131,836.732239,1216.029419,735.431030,0,0,0,0,0,95.584182
55,917.211182,415.375488,820.095703,418.085541,1,1,1,0,1,0.739532
56,801.909729,530.133728,695.666870,534.132812,0,0,0,0,0,0.701727
57,1089.387695,55.238239,1040.027832,56.224213,1,1,1,0,1,1.114402
58,681.196899,194.152496,639.761658,195.968170,1,1,1,0,1,0.106046
59,973.536865,583.673340,844.234680,586.155518,1,1,0,1,1,0.187036
60,515.037964,140.025314,487.846313,156.731018,0,0,0,0,0,15.613763
61,903.939331,401.712006,812.158997,404.400299,1,1,1,0,1,0.670713
62,532.599792,293.905762,495.896637,292.883118,0,0,0,0,0,2.979150
63,899.668213,112.770882,854.525879,114.453880,1,1,1,0,1,0.195781
64,510.292419,273.775360,475.397003,277.670685,0,0,0,0,0,1.992155
65,884.409424,117.394035,839.261475,119.270195,1,1,1,0,1,0.023946
66,813.665100,407.612732,727.950073,409.537750,1,1,1,0,0,1.518039
67,549.308960,114.511269,518.523621,110.816978,0,0,0,0,0,4.896600
68,742.877869,469.739532,649.778870,472.632812,0,0,0,0,0,0.795932
69,838.216370,399.682098,750.670898,402.049866,1,1,0,1,1,1.123071
70,750.689026,506.367188,651.698792,507.821655,1,1,1,0,0,2.121246
71,636.824646,566.891724,541.618042,565.847778,0,0,0,0,0,4.609346
72,566.138000,228.006653,533.985291,229.868118,1,1,1,0,1,0.390163
73,849.792969,401.520233,760.905273,404.439758,1,1,1,0,1,0.569202
74,396.583130,68.068207,358.523407,71.051796,1,1,1,0,1,0.985862
75,719.409668,431.226318,637.216003,431.571960,1,1,0,1,0,3.219640
76,842.674194,567.196960,732.350159,572.635864,0,0,0,0,0,2.731334
77,1168.600342,43.977470,1112.351196,47.648365,0,0,0,0,0,1.012753
78,993.029358,564.568420,862.292969,575.807983,0,0,0,0,0,8.777629
79,527.316223,254.692001,492.897430,255.331787,1,1,1,0,1,1.146232
80,1122.992920,425.887573,90.196953,52.336361,0,0,0,0,0,453.106544
81,505.273712,145.029449,478.697479,149.751373,0,0,0,0,0,3.718968
82,844.706238,334.711670,773.915710,336.676056,1,1,1,0,1,0.961283
83,805.732361,440.261200,718.424988,440.439911,0,0,0,0,0,3.103862
84,542.153015,116.705017,511.214355,119.054672,1,1,1,0,1,1.084901
85,734.424622,479.892426,641.093506,481.229431,1,1,1,0,0,2.323665
86,848.658752,121.328804,807.675293,123.171478,1,1,0,1,1,0.248045
87,366.434998,90.239319,336.101105,86.898796,0,0,0,0,0,4.633179
88,939.732056,438.562439,838.245117,440.567474,1,1,1,0,1,1.288915
89,937.590698,609.571289,807.829834,611.883240,1,1,1,0,1,0.153585
90,806.394409,464.259644,715.287598,466.561401,1,1,1,0,1,0.944969
91,544.034851,78.158966,514.275024,79.269096,0,0,0,0,0,0.054650
92,519.814941,249.760452,485.225189,250.553970,1,1,1,0,1,1.025819
93,818.688232,384.655273,737.004272,385.480225,1,1,0,1,0,2.549428
94,550.223145,225.259583,518.357788,226.743347,1,1,1,0,1,0.005772
95,888.564819,402.149597,794.438110,401.357056,0,0,0,0,0,4.388599
96,886.748291,445.992279,791.789185,448.526886,1,1,1,0,1,0.626070
97,1009.809692,565.529968,881.736084,565.719543,0,0,0,0,0,2.103718
98,505.273712,145.029449,478.697479,149.751373,0,0,0,0,0,3.718968
99,248.113220,161.856903,202.375504,160.538162,0,0,0,0,0,4.524676
100,841.664490,131.727081,798.671387,133.292191,1,1,1,0,1,0.199071
101,870.887878,135.621460,823.855530,137.118011,1,1,1,0,1,0.543204
102,684.931274,448.343903,605.154907,450.026733,1,1,0,1,0,1.805398
103,851.225647,617.180725,725.127380,619.075256,1,1,1,0,1,0.681446
104,772.097168,483.252533,679.427734,485.459656,1,1,1,0,1,1.145193
105,868.052429,525.256042,762.513672,527.665283,1,1,1,0,1,0.468887
106,544.200195,261.725128,510.685669,263.409180,1,1,1,0,1,0.014551
107,882.582092,573.234009,766.393372,580.375427,0,0,0,0,0,4.574353
108,1100.363525,35.621471,1030.002075,34.335979,0,0,0,0,0,5.513396
109,676.736267,496.709167,587.936218,498.717865,1,1,0,1,0,1.620554
110,839.043274,498.452057,747.563477,512.990906,0,0,0,0,0,11.890136
111,787.196899,359.153259,714.387329,360.942169,1,1,1,0,1,1.375398
112,854.665466,338.910828,782.828552,340.628174,1,1,1,0,1,1.200528
113,829.174377,125.912582,788.318909,127.919144,1,1,1,0,1,0.389130
114,543.155090,279.270752,506.813477,281.180267,1,1,1,0,1,0.011777
115,862.387329,546.938477,749.941040,550.411865,0,0,0,0,0,0.529118
116,884.053345,604.922241,759.887634,608.549194,1,1,0,1,1,1.201696
117,950.783691,610.109009,822.338318,613.235413,1,1,1,0,1,1.136645
118,1016.381409,507.265900,892.092590,508.948151,0,0,0,0,0,1.336968
119,879.640808,522.195496,775.173523,524.172424,1,1,1,0,1,0.812059
120,902.023682,589.678101,778.991760,592.835938,1,1,1,0,1,0.674853
121,710.627930,546.752380,610.820129,549.123535,0,0,0,0,0,1.075442
122,892.213623,552.326965,778.051086,556.545776,0,0,0,0,0,1.491238
123,79.584084,208.687775,86.077652,214.084366,0,0,0,0,0,6.231387
124,1016.039490,684.515381,866.299377,689.594116,1,1,1,0,0,4.294230
125,906.247070,599.389404,456.775726,304.945709,0,0,0,0,0,316.976279
126,421.643616,60.676018,517.224243,291.364563,0,0,0,0,0,239.376904
