=== RT SIFT DIAGNOSTICS ===
This report describes the selected best frame pair only.
Coordinates are undistorted display pixels: frame_B/UI-left -> frame_A/UI-right.

[SELECTED_PAIR]
video=SU01\video_20260729_133329.mp4
frame_left_B=1
frame_right_A=0
shared_markers=1
baseline_mm=21.302235
rt_sift_role=final_rt
rt_sift_applied=True
rt_reliable=True

[PIPELINE_COUNTS]
left_keypoint_count=784
right_keypoint_count=783
left_descriptor_count=784
right_descriptor_count=783
knn_pair_count=784
ratio_pass_count=128
mutual_pass_count=120
spatially_balanced_count=90
essential_ransac_inlier_count=49
recoverpose_inlier_count=48
final_rt_sift_point_count=38
final_rt_feature_inlier_count=43
final_rt_feature_outlier_count=47

[FEATURE_QUALITY]
match_count=90
essential_inlier_count=49
inlier_count=48
inlier_ratio=0.5333333333333333
grid_coverage=0.3333333333333333
hull_coverage=0.2853043486539245
parallax_deg=7.728355792740721
homography_ratio=0.35555555555555557
planar_degenerate=False
model_epi_px=0.3566570506291157
quality_penalty=0.0
quality_ok=True
strong=True
marker_rt_feature_epi_px=66.80278095073919
final_feature_epi_px=0.40032163205964405
final_feature_inlier_p90_px=1.0381840593875233
final_feature_all_p90_px=8.391533745775105
final_feature_holdout_median_px=0.9016512838159327
marker_bidir_rms_px=0.5101111262077861
marker_left_to_right_rms_px=0.4504717810735417
marker_right_to_left_rms_px=0.563473066453387
marker_bidir_max_px=0.7206806653165205
marker_pnp_self_reproj_px=0.39755937457084656
joint_solution_role=joint_from_marker_w1
feature_rot_agreement_deg=55.51054521644326
pair_score=0.9030246710440536
combined_score=0.815701537048159
sharpness_min=61.89159853156656
marker_coverage=0.0009981820625796444

[ACTIVE_THRESHOLDS]
sift_max_keypoints=800
sift_contrast_threshold=0.01
match_ratio=0.75
ransac_threshold_px=0.75
min_matches=11
min_inlier_ratio=0.28
min_grid_coverage=0.16666666666666666
min_hull_coverage=0.02
min_parallax_deg=1.0
strong_inliers=40
strong_grid_coverage=0.25

final_feature_inlier_px=1.5
final_feature_p90_max_px=1.25
marker_bidir_rms_max_px=1.5
marker_bidir_point_max_px=2.0

[FINAL_RT_LEFT_TO_RIGHT]
R0=0.999983584884 -0.00146000182154 0.00554060974709
R1=0.00144633506452 0.99999590395 0.00246985786013
R2=-0.00554419304945 -0.00246180373898 0.999981600554
t_mm=-21.2995495367 0.315675421072 -0.121454392663

[GRID_COUNTS_6x4]
raw_keypoints_left
   109  207  163    0    0    0
     4  118  183    0    0    0
     0    0    0    0    0    0
     0    0    0    0    0    0
raw_keypoints_right
    56  283  121    0    0    0
    11  177  135    0    0    0
     0    0    0    0    0    0
     0    0    0    0    0    0
balanced_candidates_left
     1    3    1    1    4   12
     0    4    1   24   10    0
     0    2    1    7   12    1
     0    0    0    2    4    0
balanced_candidates_right
     4    1    1    1    5   11
     0    4    7   24    2    0
     0    3    1   14    5    0
     0    0    0    6    1    0
essential_inliers_left
     0    0    1    0    2    5
     0    3    0   19    7    0
     0    0    0    3    6    0
     0    0    0    0    3    0
essential_inliers_right
     0    0    0    1    2    5
     0    3    5   20    1    0
     0    0    1    6    2    0
     0    0    0    2    1    0
recoverpose_inliers_left
     0    0    0    0    2    5
     0    3    0   19    7    0
     0    0    0    3    6    0
     0    0    0    0    3    0
recoverpose_inliers_right
     0    0    0    1    1    5
     0    3    5   20    1    0
     0    0    1    6    2    0
     0    0    0    2    1    0
joint_optimization_left
     0    0    0    0    2    4
     0    1    0   17    5    0
     0    0    0    3    4    0
     0    0    0    0    2    0
joint_optimization_right
     0    0    0    1    1    4
     0    1    5   17    0    0
     0    0    1    4    2    0
     0    0    0    2    0    0
holdout_left
     0    0    0    0    0    1
     0    2    0    2    2    0
     0    0    0    0    2    0
     0    0    0    0    1    0
holdout_right
     0    0    0    0    0    1
     0    2    0    3    1    0
     0    0    0    2    0    0
     0    0    0    0    1    0
final_rt_inliers_left
     0    0    0    0    2    4
     0    3    0   19    6    0
     0    0    0    1    5    0
     0    0    0    0    3    0
final_rt_inliers_right
     0    0    0    1    1    4
     0    3    5   20    0    0
     0    0    0    5    1    0
     0    0    0    2    1    0

[MATCH_TABLE]
index,left_x,left_y,right_x,right_y,essential_inlier,recoverpose_inlier,optimization_used,holdout,final_rt_inlier,final_epipolar_px
1,880.442017,314.020660,809.743103,315.434814,1,1,0,1,1,1.058475
2,458.311951,48.131695,890.273132,48.551937,1,0,0,0,0,2.030957
3,845.311462,922.653687,727.331543,926.621643,0,0,0,0,0,1.645773
4,1232.640381,126.282059,1213.977661,141.656616,0,0,0,0,0,14.519951
5,902.166809,953.941223,789.930786,945.024658,0,0,0,0,0,14.961956
6,793.392212,906.957092,683.103088,906.649902,0,0,0,0,0,5.306758
7,1009.849182,757.014832,906.797546,761.707886,0,0,0,0,0,0.401019
8,656.432556,361.189392,580.522644,364.633118,1,1,1,0,1,0.818687
9,656.432556,361.189392,580.522644,364.633118,1,1,1,0,1,0.818687
10,942.867310,363.670135,706.997253,781.267029,0,0,0,0,0,411.226622
11,663.344788,175.821930,548.713623,191.748840,0,0,0,0,0,12.488917
12,816.852478,294.423645,750.271606,296.825378,1,1,1,0,1,0.044618
13,1161.051880,106.412796,1121.782471,110.585770,0,0,0,0,0,2.935822
14,868.154419,114.291847,815.031921,115.750931,1,1,1,0,1,0.800403
15,300.872803,264.521484,226.534790,266.683868,1,1,0,1,1,1.034303
16,979.424561,732.083984,866.835266,737.015381,1,1,1,0,1,0.042510
17,1254.418945,120.339691,1214.354492,131.075302,0,0,0,0,0,9.702069
18,1160.031372,98.626244,1117.581787,99.089920,0,0,0,0,0,0.794154
19,825.436646,347.342255,748.197083,349.721436,1,1,1,0,1,0.242927
20,640.842896,327.279907,567.147400,329.393616,1,1,1,0,1,0.527263
21,825.436646,347.342255,748.197083,349.721436,1,1,1,0,1,0.242927
22,307.475922,268.603668,236.196426,271.123199,1,1,0,1,1,0.600801
23,1067.068848,699.733521,969.695312,702.663818,0,0,0,0,0,1.893027
24,1142.979736,89.806702,1102.061035,91.565117,1,1,1,0,1,0.481947
25,819.858765,341.927094,742.766724,343.766907,1,1,1,0,1,0.776967
26,894.705017,334.144409,822.749634,335.647186,1,1,1,0,1,1.007294
27,328.603485,320.128387,260.347626,323.794159,1,1,1,0,1,0.900259
28,862.766235,577.158264,766.442749,580.584290,1,1,0,1,1,0.055897
29,860.499695,368.090454,781.945007,369.713562,1,1,1,0,1,1.039154
30,785.992126,407.470795,706.207214,409.793884,1,1,1,0,1,0.385146
31,806.975525,340.182007,730.324646,342.025330,1,1,1,0,1,0.769429
32,811.013123,521.224182,719.475159,525.924072,1,1,1,0,0,1.578493
33,773.015869,473.060699,681.378540,475.392212,0,0,0,0,0,0.635253
34,817.026306,352.492035,739.817566,354.349976,1,1,0,1,1,0.768999
35,898.114502,412.594818,815.196594,414.457214,1,1,1,0,1,0.963082
36,280.558655,205.622208,208.982712,203.272507,0,0,0,0,0,5.935421
37,595.901794,389.783569,516.153259,365.230347,0,0,0,0,0,27.215905
38,905.332825,417.957458,822.995544,420.655701,1,1,1,0,1,0.136616
39,812.576660,454.868286,728.664490,458.969238,1,1,1,0,1,1.241732
40,943.014160,871.155212,828.844360,877.346863,1,1,1,0,1,0.400322
41,779.030334,455.575989,690.587891,458.562653,1,1,0,1,1,0.089814
42,833.261169,489.912537,746.238464,494.276398,1,1,1,0,1,1.355807
43,1129.048340,16.062513,908.184692,45.143780,0,0,0,0,0,25.843295
44,795.748169,354.291962,718.152527,355.907654,1,1,1,0,1,1.021010
45,789.228760,446.504639,703.760193,449.572632,1,1,1,0,1,0.221374
46,841.105591,351.184174,766.341858,354.256989,1,1,1,0,1,0.486246
47,814.661255,535.336121,721.168701,541.119019,0,0,0,0,0,2.584240
48,978.286194,467.107666,893.374023,468.682159,1,1,0,1,0,1.523117
49,783.905273,425.673950,702.343628,427.483643,0,0,0,0,0,0.943402
50,958.055054,506.561798,865.763428,510.737183,0,0,0,0,0,0.826825
51,926.960266,434.661621,842.742676,438.001526,0,0,0,0,0,0.413176
52,882.484558,346.033264,808.024353,348.903503,1,1,1,0,1,0.301590
53,923.195496,73.775345,874.004578,75.099915,1,1,1,0,1,0.754687
54,764.739075,354.267731,687.803467,356.801483,1,1,1,0,1,0.097496
55,727.335388,385.198883,645.983582,386.044495,0,0,0,0,0,1.854698
56,1129.406128,46.751644,1083.910889,48.447475,1,1,1,0,1,0.386270
57,985.115234,811.387268,877.630981,815.607117,1,1,0,1,1,1.225706
58,1018.571289,657.451111,918.260803,660.059937,1,1,1,0,0,1.804285
59,943.014160,871.155212,828.844360,877.346863,1,1,1,0,1,0.400322
60,683.939514,316.182190,611.411316,318.681793,1,1,1,0,1,0.115427
61,679.059875,608.801697,589.924072,614.480774,1,1,1,0,0,2.727894
62,1029.268921,39.803429,984.233032,35.499905,0,0,0,0,0,5.972107
63,227.638229,199.473495,155.335419,194.984238,0,0,0,0,0,8.245919
64,743.983643,404.063690,121.244553,86.093704,0,0,0,0,0,328.173960
65,930.099243,527.929871,835.502319,532.141968,0,0,0,0,0,0.791681
66,1169.601929,91.921204,1127.703003,91.275093,0,0,0,0,0,1.852857
67,917.277527,535.407288,822.377930,538.470520,1,1,0,1,1,0.363092
68,891.989685,554.497681,795.711914,556.574097,0,0,0,0,0,1.389104
69,925.484497,610.538757,822.396057,614.582153,1,1,1,0,1,0.131006
70,1127.407471,76.695900,1089.165405,74.090332,0,0,0,0,0,3.876110
71,833.142090,557.261963,732.103699,555.368164,0,0,0,0,0,5.311672
72,1049.723389,634.885071,948.442749,635.421631,0,0,0,0,0,3.851871
73,668.375977,345.787140,589.183350,348.380737,1,1,1,0,1,0.094073
74,710.455872,394.081757,626.718079,396.192871,0,0,0,0,0,0.621920
75,1129.406128,46.751644,1083.910889,48.447475,1,1,1,0,1,0.386270
76,1046.767456,42.617516,1002.473755,43.013527,0,0,0,0,0,1.199639
77,915.075500,573.541931,813.261780,578.969543,0,0,0,0,0,1.727979
78,450.378235,578.390198,426.616882,585.963562,0,0,0,0,0,6.367908
79,903.204651,563.706421,806.768188,567.559082,1,1,1,0,1,0.319599
80,296.201630,270.097595,217.513031,267.855408,0,0,0,0,0,5.484665
81,396.864136,607.102295,382.694702,606.499207,0,0,0,0,0,1.447202
82,303.631165,253.830872,233.600861,252.701401,0,0,0,0,0,4.337782
83,780.317261,562.950378,681.231873,565.588745,0,0,0,0,0,0.648679
84,396.864136,607.102295,382.694702,606.499207,0,0,0,0,0,1.447202
85,1181.223633,39.978195,1138.865967,43.275841,1,1,0,1,0,2.222347
86,1156.042114,36.134769,1118.114868,37.302654,1,1,1,0,1,0.056409
87,860.153625,550.877319,759.775208,549.270203,0,0,0,0,0,5.053187
88,843.451721,558.745422,746.219299,562.008240,1,1,1,0,1,0.126012
89,76.838318,48.273373,84.663406,121.669044,0,0,0,0,0,69.156981
90,789.547974,545.367493,693.250610,546.844788,0,0,0,0,0,1.736895
