=== RT SIFT DIAGNOSTICS ===
This report describes the selected best frame pair only.
Coordinates are undistorted display pixels: frame_B/UI-left -> frame_A/UI-right.

[SELECTED_PAIR]
video=SU01\video_20260729_133146.mp4
frame_left_B=1
frame_right_A=0
shared_markers=1
baseline_mm=21.857815
rt_sift_role=final_rt
rt_sift_applied=True
rt_reliable=True

[PIPELINE_COUNTS]
left_keypoint_count=782
right_keypoint_count=783
left_descriptor_count=782
right_descriptor_count=783
knn_pair_count=782
ratio_pass_count=122
mutual_pass_count=114
spatially_balanced_count=81
essential_ransac_inlier_count=43
recoverpose_inlier_count=43
final_rt_sift_point_count=34
final_rt_feature_inlier_count=42
final_rt_feature_outlier_count=39

[FEATURE_QUALITY]
match_count=81
essential_inlier_count=43
inlier_count=43
inlier_ratio=0.5308641975308642
grid_coverage=0.3333333333333333
hull_coverage=0.1374004454339989
parallax_deg=9.369874868717478
homography_ratio=0.4691358024691358
planar_degenerate=False
model_epi_px=0.4038592049878447
quality_penalty=0.0
quality_ok=True
strong=True
marker_rt_feature_epi_px=0.7292431412154463
final_feature_epi_px=0.35344736138220817
final_feature_inlier_p90_px=0.9031871947203327
final_feature_all_p90_px=94.1883176716704
final_feature_holdout_median_px=0.49303335810594906
marker_bidir_rms_px=0.1804127602492007
marker_left_to_right_rms_px=0.18542288531561404
marker_right_to_left_rms_px=0.17525946970906817
marker_bidir_max_px=0.30722080402360663
marker_pnp_self_reproj_px=0.04831383377313614
joint_solution_role=joint_from_marker_w4
feature_rot_agreement_deg=1.307124993474183
pair_score=0.6546962151274452
combined_score=0.22823915352102475
sharpness_min=68.1068554586725
marker_coverage=0.0008651055468035906

[ACTIVE_THRESHOLDS]
sift_max_keypoints=800
sift_contrast_threshold=0.01
match_ratio=0.75
ransac_threshold_px=0.75
min_matches=11
min_inlier_ratio=0.28
min_grid_coverage=0.16666666666666666
min_hull_coverage=0.02
min_parallax_deg=1.0
strong_inliers=40
strong_grid_coverage=0.25

final_feature_inlier_px=1.5
final_feature_p90_max_px=1.25
marker_bidir_rms_max_px=1.5
marker_bidir_point_max_px=2.0

[FINAL_RT_LEFT_TO_RIGHT]
R0=0.999959488964 -0.00174541744987 0.00883028583972
R1=0.00172039482269 0.999994485798 0.00284053064955
R2=-0.0088351950595 -0.00282522399867 0.999956977793
t_mm=-21.8560095696 0.12976682872 -0.249128721592

[GRID_COUNTS_6x4]
raw_keypoints_left
    50  148  248    0    0    0
     5  121  210    0    0    0
     0    0    0    0    0    0
     0    0    0    0    0    0
raw_keypoints_right
    44  271  143    0    0    0
    23  213   89    0    0    0
     0    0    0    0    0    0
     0    0    0    0    0    0
balanced_candidates_left
     0    1    2    2    4    2
     2    0    0   14   24    5
     1    0    2    6    6    2
     0    0    0    2    4    2
balanced_candidates_right
     0    4    0    5    1    1
     1    0    2   24   18    1
     2    1    1    9    3    0
     0    0    0    5    1    2
essential_inliers_left
     0    0    0    1    2    0
     0    0    0    8   19    2
     0    0    1    5    3    0
     0    0    0    1    1    0
essential_inliers_right
     0    0    0    2    0    0
     0    0    1   17   12    0
     0    0    1    6    2    0
     0    0    0    2    0    0
recoverpose_inliers_left
     0    0    0    1    2    0
     0    0    0    8   19    2
     0    0    1    5    3    0
     0    0    0    1    1    0
recoverpose_inliers_right
     0    0    0    2    0    0
     0    0    1   17   12    0
     0    0    1    6    2    0
     0    0    0    2    0    0
joint_optimization_left
     0    0    0    1    1    0
     0    0    0    6   17    2
     0    0    0    5    1    0
     0    0    0    1    0    0
joint_optimization_right
     0    0    0    1    0    0
     0    0    1   15   10    0
     0    0    0    6    0    0
     0    0    0    1    0    0
holdout_left
     0    0    0    0    1    0
     0    0    0    2    2    0
     0    0    1    0    2    0
     0    0    0    0    1    0
holdout_right
     0    0    0    1    0    0
     0    0    0    2    2    0
     0    0    1    0    2    0
     0    0    0    1    0    0
final_rt_inliers_left
     0    0    0    1    2    0
     0    0    0    8   19    2
     0    0    0    5    3    0
     0    0    0    1    1    0
final_rt_inliers_right
     0    0    0    2    0    0
     0    0    1   17   12    0
     0    0    0    6    2    0
     0    0    0    2    0    0

[MATCH_TABLE]
index,left_x,left_y,right_x,right_y,essential_inlier,recoverpose_inlier,optimization_used,holdout,final_rt_inlier,final_epipolar_px
1,1021.013428,59.051319,1060.875732,104.058273,0,0,0,0,0,44.260470
2,909.471497,207.393600,821.968140,209.124405,1,1,0,1,1,0.493033
3,1087.087646,451.509094,991.324890,454.111908,1,1,1,0,1,0.155859
4,319.399719,224.227356,184.600769,325.931335,0,0,0,0,0,98.783977
5,816.120239,168.819275,733.067261,170.251083,1,1,1,0,1,0.117364
6,962.066650,255.951294,872.363892,257.282745,1,1,1,0,1,0.088358
7,183.482452,492.216400,334.185822,76.219154,0,0,0,0,0,418.998692
8,1091.343018,412.202789,996.356506,412.378571,0,0,0,0,0,1.917362
9,432.177704,49.315769,158.371445,574.673279,0,0,0,0,0,522.220522
10,843.267822,855.694641,742.685181,860.877747,1,1,1,0,1,0.300432
11,885.869812,854.679871,773.638123,856.564697,0,0,0,0,0,3.509322
12,1238.812988,179.629944,1246.263062,209.299316,0,0,0,0,0,29.677439
13,612.195557,638.067627,511.810059,643.237915,1,1,0,1,0,2.931837
14,443.006592,66.365189,371.067474,28.520540,0,0,0,0,0,41.894056
15,1077.432739,450.472992,981.242615,451.640015,1,1,1,0,1,1.257547
16,986.572571,468.827972,885.634277,471.863159,1,1,1,0,1,0.531375
17,971.855652,411.164307,874.465271,413.029144,1,1,1,0,1,0.213709
18,982.106018,437.202026,883.634399,439.520264,1,1,1,0,1,0.057671
19,1196.922363,691.866638,1238.220825,911.186584,0,0,0,0,0,214.089125
20,1140.249023,984.602539,1173.620483,265.150665,0,0,0,0,0,723.218468
21,877.314026,845.350586,768.664856,849.809998,1,1,0,1,1,0.733650
22,785.398560,456.584320,688.143433,456.297760,0,0,0,0,0,2.468494
23,815.379517,833.272461,692.856628,826.893921,0,0,0,0,0,11.111723
24,958.452393,390.600494,862.455933,392.430511,1,1,1,0,1,0.117899
25,201.863281,735.918945,189.539886,736.084351,0,0,0,0,0,1.186701
26,954.888062,431.877899,858.183350,433.908356,1,1,1,0,1,0.168673
27,880.283020,393.722626,788.341248,396.042908,1,1,1,0,1,0.357525
28,709.660278,443.597229,616.467285,446.262848,1,1,1,0,1,0.599175
29,919.308167,396.839294,825.694153,400.108917,0,0,0,0,0,1.287710
30,988.947327,449.982941,889.302185,452.604889,1,1,0,1,1,0.259806
31,1132.737183,335.483582,696.593933,200.265778,0,0,0,0,0,136.440991
32,940.641357,400.286591,845.209534,402.733368,1,1,1,0,1,0.442210
33,903.618408,374.665039,809.255432,376.310883,1,1,1,0,1,0.232116
34,948.813843,417.606171,852.731201,419.179901,1,1,1,0,1,0.531902
35,836.163208,426.385193,740.408325,428.321198,1,1,1,0,1,0.169911
36,958.828430,512.249695,857.538513,514.704651,1,1,0,1,1,0.317215
37,898.570496,325.416138,806.549805,327.665100,1,1,1,0,1,0.581494
38,766.374023,581.028992,663.302002,581.367310,0,0,0,0,0,2.321112
39,789.272827,432.155457,692.092834,433.915527,1,1,1,0,1,0.349370
40,849.373169,328.286713,755.933899,330.940338,1,1,1,0,1,0.903241
41,811.627930,397.031769,714.882385,401.375519,0,0,0,0,0,2.337574
42,185.405197,474.326569,1048.332886,280.280853,0,0,0,0,0,192.982179
43,913.052124,350.687836,821.249451,352.399017,1,1,1,0,1,0.043301
44,841.597168,344.525970,746.365479,346.249420,1,1,0,1,1,0.090187
45,948.813843,417.606171,852.731201,419.179901,1,1,1,0,1,0.531902
46,914.122620,262.776978,824.054871,264.483215,1,1,1,0,1,0.307556
47,996.804504,428.069305,898.404724,428.949310,1,1,1,0,1,1.320931
48,790.390564,596.908630,687.370605,600.319824,1,1,1,0,1,0.587441
49,986.136108,406.168945,888.444031,409.451263,0,0,0,0,0,1.227946
50,974.996582,477.197693,874.131897,480.992310,0,0,0,0,0,1.243836
51,1030.211548,374.839081,934.726196,378.060547,0,0,0,0,0,1.396371
52,981.154297,490.733948,880.329529,493.117706,1,1,0,1,1,0.269893
53,966.320007,395.257019,870.130493,397.522583,1,1,1,0,1,0.289238
54,931.298889,283.314514,839.162659,285.369934,1,1,1,0,1,0.616800
55,946.507202,438.678833,849.834106,442.052948,0,0,0,0,0,1.134479
56,1070.573364,329.885193,977.374817,333.709503,0,0,0,0,0,2.360298
57,940.641357,400.286591,845.209534,402.733368,1,1,1,0,1,0.442210
58,847.773499,495.421021,764.348877,484.108490,0,0,0,0,0,13.624023
59,862.398376,592.739868,759.255493,593.136108,0,0,0,0,0,2.654800
60,924.594543,882.961243,782.367676,868.537109,0,0,0,0,0,20.818779
61,1188.567993,684.186279,347.022797,36.362019,0,0,0,0,0,652.392483
62,860.399719,629.099854,756.872009,632.048828,1,1,1,0,1,0.341209
63,803.630432,449.774017,704.871155,454.451874,0,0,0,0,0,2.485574
64,803.755615,394.079895,708.097351,395.573273,1,1,0,1,1,0.495926
65,779.880310,601.478577,676.231750,605.308594,1,1,1,0,1,1.015677
66,832.646973,326.595123,739.268982,328.252777,1,1,1,0,1,0.109482
67,757.690186,534.221802,656.627197,536.967773,1,1,1,0,1,0.310813
68,850.063232,494.658630,755.100403,496.170227,1,1,1,0,1,0.902707
69,1118.703491,858.960510,1098.792358,834.676392,0,0,0,0,0,30.184611
70,847.764038,457.067688,752.075378,462.594727,0,0,0,0,0,3.277014
71,896.658630,218.200699,809.324219,221.420807,0,0,0,0,0,1.905532
72,984.381897,588.104004,881.546692,590.644165,1,1,0,1,1,0.913648
73,968.133118,628.940186,867.126709,635.256592,0,0,0,0,0,2.576348
74,848.405273,233.904037,762.516418,238.416412,0,0,0,0,0,3.002940
75,839.433105,631.216064,736.858826,634.835815,1,1,1,0,1,0.412415
76,430.328247,704.053162,352.755280,706.612915,0,0,0,0,0,1.419204
77,1009.505005,910.755798,918.513489,907.960693,0,0,0,0,0,9.559846
78,732.872559,491.013855,634.836670,496.216858,0,0,0,0,0,2.973779
79,823.209534,546.173828,723.676636,549.413086,1,1,1,0,1,0.594374
80,941.951660,751.786987,836.323669,764.742493,0,0,0,0,0,8.160361
81,1260.607422,140.050461,216.589767,233.034485,0,0,0,0,0,94.188318
