=== RT SIFT DIAGNOSTICS ===
This report describes the selected best frame pair only.
Coordinates are undistorted display pixels: frame_B/UI-left -> frame_A/UI-right.

[SELECTED_PAIR]
video=SU01\video_20260729_134458.mp4
frame_left_B=1
frame_right_A=0
shared_markers=1
baseline_mm=20.991333
rt_sift_role=final_rt
rt_sift_applied=True
rt_reliable=True

[PIPELINE_COUNTS]
left_keypoint_count=782
right_keypoint_count=774
left_descriptor_count=782
right_descriptor_count=774
knn_pair_count=782
ratio_pass_count=111
mutual_pass_count=103
spatially_balanced_count=81
essential_ransac_inlier_count=38
recoverpose_inlier_count=38
final_rt_sift_point_count=30
final_rt_feature_inlier_count=35
final_rt_feature_outlier_count=46

[FEATURE_QUALITY]
match_count=81
essential_inlier_count=38
inlier_count=38
inlier_ratio=0.4691358024691358
grid_coverage=0.20833333333333334
hull_coverage=0.11764684577943889
parallax_deg=9.932569624687579
homography_ratio=0.37037037037037035
planar_degenerate=False
model_epi_px=0.36874453036877464
quality_penalty=0.04166666666666666
quality_ok=True
strong=False
marker_rt_feature_epi_px=58.74795167165129
final_feature_epi_px=0.5476774494725253
final_feature_inlier_p90_px=1.1338688451375345
final_feature_all_p90_px=158.38707281217586
final_feature_holdout_median_px=0.49369225253283955
marker_bidir_rms_px=0.35488187775167285
marker_left_to_right_rms_px=0.40256996857280836
marker_right_to_left_rms_px=0.29969937390057166
marker_bidir_max_px=0.5964195823195041
marker_pnp_self_reproj_px=0.33108583092689514
joint_solution_role=joint_from_marker_w1
feature_rot_agreement_deg=53.407882586396234
pair_score=0.8379146436054975
combined_score=0.8294880492071321
sharpness_min=71.01621649951615
marker_coverage=0.0013027390761855885

[ACTIVE_THRESHOLDS]
sift_max_keypoints=800
sift_contrast_threshold=0.01
match_ratio=0.75
ransac_threshold_px=0.75
min_matches=11
min_inlier_ratio=0.28
min_grid_coverage=0.16666666666666666
min_hull_coverage=0.02
min_parallax_deg=1.0
strong_inliers=40
strong_grid_coverage=0.25

final_feature_inlier_px=1.5
final_feature_p90_max_px=1.25
marker_bidir_rms_max_px=1.5
marker_bidir_point_max_px=2.0

[FINAL_RT_LEFT_TO_RIGHT]
R0=0.99997859677 0.00232258032514 0.00611650414862
R1=-0.00241042152065 0.999893505089 0.0143933439023
R2=-0.0060824230747 -0.0144077791915 0.999877702536
t_mm=-20.9742102181 -0.81625660843 0.228684962813

[GRID_COUNTS_6x4]
raw_keypoints_left
    33  367   44    0    0    0
    19  284   35    0    0    0
     0    0    0    0    0    0
     0    0    0    0    0    0
raw_keypoints_right
    72  363   11    0    0    0
    11  311    6    0    0    0
     0    0    0    0    0    0
     0    0    0    0    0    0
balanced_candidates_left
     1    1    1    3    4    0
     0    2    3   18    2    0
     0    0   13   24    5    0
     2    0    1    0    0    1
balanced_candidates_right
     2    3    3    4    0    1
     0    2   10   11    0    0
     0    0   24   14    1    0
     1    0    5    0    0    0
essential_inliers_left
     0    0    0    0    2    0
     0    0    2    8    0    0
     0    0    8   18    0    0
     0    0    0    0    0    0
essential_inliers_right
     0    0    0    2    0    0
     0    0    6    4    0    0
     0    0   17    9    0    0
     0    0    0    0    0    0
recoverpose_inliers_left
     0    0    0    0    2    0
     0    0    2    8    0    0
     0    0    8   18    0    0
     0    0    0    0    0    0
recoverpose_inliers_right
     0    0    0    2    0    0
     0    0    6    4    0    0
     0    0   17    9    0    0
     0    0    0    0    0    0
joint_optimization_left
     0    0    0    0    1    0
     0    0    1    8    0    0
     0    0    7   13    0    0
     0    0    0    0    0    0
joint_optimization_right
     0    0    0    1    0    0
     0    0    5    4    0    0
     0    0   14    6    0    0
     0    0    0    0    0    0
holdout_left
     0    0    0    0    1    0
     0    0    1    0    0    0
     0    0    1    5    0    0
     0    0    0    0    0    0
holdout_right
     0    0    0    1    0    0
     0    0    1    0    0    0
     0    0    3    3    0    0
     0    0    0    0    0    0
final_rt_inliers_left
     0    0    0    0    1    0
     0    0    2    7    0    0
     0    0    8   17    0    0
     0    0    0    0    0    0
final_rt_inliers_right
     0    0    0    1    0    0
     0    0    6    3    0    0
     0    0   17    8    0    0
     0    0    0    0    0    0

[MATCH_TABLE]
index,left_x,left_y,right_x,right_y,essential_inlier,recoverpose_inlier,optimization_used,holdout,final_rt_inlier,final_epipolar_px
1,819.619507,760.234924,730.785828,764.102722,1,1,0,1,1,1.075755
2,747.130981,733.278625,656.225647,737.039429,1,1,1,0,1,0.769155
3,747.130981,733.278625,656.225647,737.039429,1,1,1,0,1,0.769155
4,72.047417,993.850708,90.733948,1000.176270,0,0,0,0,0,6.509862
5,377.111359,104.905251,1201.301270,86.185989,0,0,0,0,0,62.422506
6,940.286377,76.106483,473.244171,770.277649,0,0,0,0,0,702.948371
7,791.782837,136.717606,662.907471,137.155640,0,0,0,0,0,5.779915
8,634.276917,603.965942,532.339294,606.600708,1,1,1,0,1,0.667523
9,818.459534,716.344116,724.909058,716.584290,0,0,0,0,0,3.955089
10,629.159912,588.666504,527.036499,591.589600,1,1,1,0,1,0.357626
11,615.670166,584.344910,512.446289,585.918640,0,0,0,0,0,1.672432
12,72.929733,225.837997,73.879349,254.078232,0,0,0,0,0,15.033213
13,875.709778,755.357483,467.209747,762.488586,0,0,0,0,0,18.010962
14,760.368652,628.964111,660.142273,631.895203,1,1,0,1,1,0.367707
15,784.777710,494.445953,673.757629,497.486542,1,1,1,0,1,0.424051
16,723.254639,584.616821,625.121948,587.284912,1,1,1,0,1,0.637130
17,607.927368,542.851257,499.877441,543.755310,0,0,0,0,0,2.166107
18,606.346191,773.274170,600.900757,779.454529,0,0,0,0,0,3.013742
19,759.380005,488.851837,650.422607,493.355347,1,1,1,0,0,1.710856
20,977.071899,72.629532,850.009460,79.995445,1,1,1,0,1,1.106564
21,707.755920,638.952515,611.064636,640.979370,0,0,0,0,0,1.540814
22,692.114319,82.047539,444.920166,72.709564,0,0,0,0,0,13.580414
23,622.664307,612.233765,520.277588,615.351929,1,1,0,1,1,0.195713
24,754.238098,717.433411,662.014465,720.722900,1,1,1,0,1,1.016961
25,623.363831,525.688354,515.432861,528.344666,1,1,1,0,1,0.424745
26,887.243103,456.484497,776.759033,458.103302,0,0,0,0,0,0.815960
27,477.320343,721.886353,307.094421,105.280182,0,0,0,0,0,620.114486
28,878.059814,746.983826,169.626511,95.583534,0,0,0,0,0,630.734898
29,771.220947,439.320312,658.276855,443.490784,1,1,1,0,1,1.375771
30,551.421326,92.795914,418.982605,94.772110,0,0,0,0,0,6.876971
31,794.221313,377.146637,673.599792,379.731964,0,0,0,0,0,0.249953
32,653.382141,629.759766,553.252747,632.995239,1,1,1,0,1,0.196592
33,641.281311,577.591370,539.583130,581.768127,1,1,0,1,1,0.902273
34,804.101318,607.833923,700.070251,610.052612,0,0,0,0,0,0.750959
35,685.188782,596.212524,587.862305,600.189575,1,1,1,0,1,0.547677
36,806.727173,507.475922,695.564514,508.389191,0,0,0,0,0,1.610719
37,952.018066,658.829346,525.080566,805.628357,0,0,0,0,0,158.387073
38,759.118347,535.302002,653.086060,536.387268,0,0,0,0,0,1.755582
39,778.929321,466.804779,666.866394,467.976166,0,0,0,0,0,1.508293
40,477.320343,721.886353,307.094421,105.280182,0,0,0,0,0,620.114486
41,613.931030,399.800934,492.581879,401.731079,1,1,1,0,1,1.374909
42,654.663269,651.482361,556.616455,655.187256,1,1,1,0,1,0.086469
43,788.284546,383.866608,669.202148,385.938690,0,0,0,0,0,0.794956
44,346.161652,297.410461,514.890930,802.828491,0,0,0,0,0,487.248088
45,515.186646,262.702606,393.432495,257.789673,0,0,0,0,0,10.608369
46,641.142761,631.170410,539.381470,634.389282,1,1,1,0,1,0.154681
47,669.423950,648.581421,571.608643,652.022095,1,1,0,1,1,0.161310
48,786.497803,591.379517,681.174622,595.621216,1,1,1,0,1,1.353136
49,723.835754,625.547546,624.703491,629.713196,1,1,1,0,1,0.781700
50,796.297607,392.149841,677.711914,396.083740,1,1,1,0,1,1.152072
51,745.558716,328.296692,624.720642,331.638550,1,1,1,0,1,0.201179
52,748.835449,718.072388,655.685059,721.723450,1,1,0,1,1,0.619678
53,701.367004,511.222198,599.470276,512.339661,0,0,0,0,0,2.081752
54,736.106750,343.838104,614.709900,344.625244,0,0,0,0,0,2.608913
55,745.284058,564.863831,643.141663,568.606445,1,1,1,0,1,0.686917
56,767.887512,589.325378,667.456482,591.731079,0,0,0,0,0,0.728363
57,809.198364,544.415222,700.758118,547.005676,0,0,0,0,0,0.030024
58,788.202454,582.199585,685.067322,586.996826,1,1,1,0,0,1.834528
59,577.790527,706.396301,484.725708,709.909668,1,1,1,0,1,0.695828
60,715.179016,703.953064,620.828857,708.511841,1,1,1,0,1,0.456500
61,609.350769,502.868408,500.537262,506.026276,1,1,0,1,1,0.007855
62,713.019470,73.661400,501.362366,68.487396,0,0,0,0,0,10.676500
63,721.220703,498.864594,625.337585,489.844849,0,0,0,0,0,12.468146
64,734.548523,507.546417,629.396301,510.518890,1,1,1,0,1,0.006383
65,780.889404,335.714783,661.676025,331.723785,0,0,0,0,0,7.385119
66,741.020020,457.406708,629.165833,455.681213,0,0,0,0,0,4.580519
67,620.978943,701.715820,527.752197,705.778259,1,1,1,0,1,0.100986
68,921.370239,143.689377,791.858826,143.125580,0,0,0,0,0,5.715735
69,756.939575,299.003510,631.543640,301.897552,1,1,1,0,1,0.785948
70,620.400330,681.739319,524.845337,686.102478,1,1,1,0,1,0.440429
71,547.606689,606.669556,447.099121,608.153870,0,0,0,0,0,1.999098
72,873.568542,71.892326,738.583435,75.507385,1,1,0,1,0,3.241723
73,1111.581421,967.621765,544.724792,129.548401,0,0,0,0,0,822.979860
74,923.441589,676.919312,889.036499,700.395630,0,0,0,0,0,16.766818
75,952.018066,658.829346,525.080566,805.628357,0,0,0,0,0,158.387073
76,638.341675,715.038574,546.843689,718.994690,1,1,1,0,1,0.388029
77,721.588623,499.565857,618.170593,501.063446,0,0,0,0,0,1.612044
78,327.617767,384.049683,268.659241,399.948517,0,0,0,0,0,8.829735
79,892.052979,281.725311,767.485413,283.679932,0,0,0,0,0,1.288243
80,729.223694,402.064423,615.688965,404.804504,1,1,1,0,1,0.437617
81,211.087326,1013.911865,488.466034,512.381104,0,0,0,0,0,525.659715
