=== RT SIFT DIAGNOSTICS ===
This report describes the selected best frame pair only.
Coordinates are undistorted display pixels: frame_B/UI-left -> frame_A/UI-right.

[SELECTED_PAIR]
video=SU01\video_20260729_133522.mp4
frame_left_B=1
frame_right_A=0
shared_markers=1
baseline_mm=22.374132
rt_sift_role=final_rt
rt_sift_applied=True
rt_reliable=True

[PIPELINE_COUNTS]
left_keypoint_count=779
right_keypoint_count=782
left_descriptor_count=779
right_descriptor_count=782
knn_pair_count=779
ratio_pass_count=55
mutual_pass_count=52
spatially_balanced_count=52
essential_ransac_inlier_count=21
recoverpose_inlier_count=21
final_rt_sift_point_count=16
final_rt_feature_inlier_count=14
final_rt_feature_outlier_count=38

[FEATURE_QUALITY]
match_count=52
essential_inlier_count=21
inlier_count=21
inlier_ratio=0.40384615384615385
grid_coverage=0.25
hull_coverage=0.061856845836159025
parallax_deg=19.453791503189134
homography_ratio=0.25
planar_degenerate=False
model_epi_px=0.3293555313573308
quality_penalty=0.0
quality_ok=True
strong=False
marker_rt_feature_epi_px=129.74079737931064
final_feature_epi_px=0.5970365056538707
final_feature_inlier_p90_px=1.0969792371020903
final_feature_all_p90_px=8.221796045601025
final_feature_holdout_median_px=0.47694794950700903
marker_bidir_rms_px=0.5309544607305494
marker_left_to_right_rms_px=0.5408375141536368
marker_right_to_left_rms_px=0.5208839237521656
marker_bidir_max_px=0.6479349941180248
marker_pnp_self_reproj_px=0.5858913660049438
joint_solution_role=joint_from_marker_w1
feature_rot_agreement_deg=41.89697645000559
pair_score=0.7558975163060657
combined_score=0.7874896220013092
sharpness_min=62.10525702724175
marker_coverage=0.002237334086754572

[ACTIVE_THRESHOLDS]
sift_max_keypoints=800
sift_contrast_threshold=0.01
match_ratio=0.75
ransac_threshold_px=0.75
min_matches=11
min_inlier_ratio=0.28
min_grid_coverage=0.16666666666666666
min_hull_coverage=0.02
min_parallax_deg=1.0
strong_inliers=40
strong_grid_coverage=0.25

final_feature_inlier_px=1.5
final_feature_p90_max_px=1.25
marker_bidir_rms_max_px=1.5
marker_bidir_point_max_px=2.0

[FINAL_RT_LEFT_TO_RIGHT]
R0=0.99979572177 -0.00455429343856 0.0196919562603
R1=0.00422393005614 0.999850187544 0.0167857344957
R2=-0.0197654533205 -0.0166991280896 0.999665176935
t_mm=-22.3548191667 -0.920146174321 -0.131130554786

[GRID_COUNTS_6x4]
raw_keypoints_left
     1  178  336    0    0    0
     0   34  230    0    0    0
     0    0    0    0    0    0
     0    0    0    0    0    0
raw_keypoints_right
     1  266  222    0    0    0
     1   78  214    0    0    0
     0    0    0    0    0    0
     0    0    0    0    0    0
balanced_candidates_left
     1    0    0    4    8    3
     0    0    0    5   19    3
     0    0    0    1    5    1
     0    0    0    2    0    0
balanced_candidates_right
     1    0    0   10    4    0
     0    0    1   21    5    0
     0    0    1    5    0    1
     0    0    2    0    1    0
essential_inliers_left
     0    0    0    1    4    0
     0    0    0    3   10    1
     0    0    0    1    1    0
     0    0    0    0    0    0
essential_inliers_right
     0    0    0    3    2    0
     0    0    0   11    3    0
     0    0    1    1    0    0
     0    0    0    0    0    0
recoverpose_inliers_left
     0    0    0    1    4    0
     0    0    0    3   10    1
     0    0    0    1    1    0
     0    0    0    0    0    0
recoverpose_inliers_right
     0    0    0    3    2    0
     0    0    0   11    3    0
     0    0    1    1    0    0
     0    0    0    0    0    0
joint_optimization_left
     0    0    0    1    3    0
     0    0    0    3    7    1
     0    0    0    0    1    0
     0    0    0    0    0    0
joint_optimization_right
     0    0    0    2    2    0
     0    0    0    9    2    0
     0    0    0    1    0    0
     0    0    0    0    0    0
holdout_left
     0    0    0    0    1    0
     0    0    0    0    3    0
     0    0    0    1    0    0
     0    0    0    0    0    0
holdout_right
     0    0    0    1    0    0
     0    0    0    2    1    0
     0    0    1    0    0    0
     0    0    0    0    0    0
final_rt_inliers_left
     0    0    0    1    3    0
     0    0    0    1    6    1
     0    0    0    1    1    0
     0    0    0    0    0    0
final_rt_inliers_right
     0    0    0    3    1    0
     0    0    0    6    2    0
     0    0    1    1    0    0
     0    0    0    0    0    0

[MATCH_TABLE]
index,left_x,left_y,right_x,right_y,essential_inlier,recoverpose_inlier,optimization_used,holdout,final_rt_inlier,final_epipolar_px
1,73.015785,226.399216,73.839066,254.062393,0,0,0,0,0,14.019241
2,728.713562,558.024963,573.929626,559.364502,1,1,0,1,1,0.476948
3,1221.932739,327.909760,867.033447,963.237244,0,0,0,0,0,633.526000
4,851.619202,502.736847,684.151001,503.373749,1,1,1,0,1,0.872740
5,700.598999,924.236084,543.631775,927.861633,0,0,0,0,0,3.960478
6,838.358093,290.054413,678.471008,287.673737,1,1,1,0,0,4.018288
7,833.210144,249.477432,676.459961,252.644226,0,0,0,0,0,1.071361
8,905.015625,563.099976,742.849854,558.996460,0,0,0,0,0,6.760653
9,873.294067,484.871643,708.838867,487.501038,1,1,1,0,1,1.028629
10,1083.643311,218.806259,928.982483,227.789505,0,0,0,0,0,8.384145
11,768.584839,801.698975,609.590942,805.386475,0,0,0,0,0,2.003603
12,882.188782,277.324707,728.083130,277.031036,1,1,1,0,0,2.078206
13,826.214722,236.377777,670.306274,237.915344,0,0,0,0,0,0.764873
14,833.210144,249.477432,676.459961,252.644226,0,0,0,0,0,1.071361
15,921.634521,313.751007,771.171692,316.265808,1,1,0,1,1,0.829327
16,838.031860,468.332794,672.530334,465.390686,0,0,0,0,0,4.254064
17,872.176086,521.310913,706.782410,523.842834,1,1,1,0,1,0.655911
18,837.728088,395.363525,676.835083,399.461945,0,0,0,0,0,2.770758
19,1138.597046,288.157349,970.294495,294.377930,0,0,0,0,0,6.462326
20,805.805542,269.102325,649.997131,266.519623,1,1,1,0,0,4.724363
21,1078.352783,267.547821,913.712341,267.698761,1,1,1,0,1,0.027013
22,943.965759,265.563263,793.557007,265.575897,0,0,0,0,0,1.672214
23,901.757996,471.351532,743.543701,474.352966,1,1,1,0,1,1.126272
24,955.214294,182.694412,797.931641,186.931717,0,0,0,0,0,2.536060
25,886.638733,406.395294,730.564880,407.435364,1,1,0,1,1,0.538162
26,882.188782,277.324707,728.083130,277.031036,1,1,1,0,0,2.078206
27,1139.445068,223.664688,856.964966,416.148376,0,0,0,0,0,197.565627
28,943.954956,216.728287,784.501526,221.629547,0,0,0,0,0,3.449014
29,859.588318,430.380707,691.127869,428.447418,1,1,1,0,0,2.980885
30,1052.599976,184.500748,891.829407,185.948700,1,1,1,0,1,0.824599
31,859.142700,331.364960,703.821045,327.584686,0,0,0,0,0,5.395905
32,927.953003,711.367859,750.393494,710.605042,0,0,0,0,0,5.777963
33,904.418762,331.908325,752.229736,334.218994,0,0,0,0,0,0.668462
34,1066.353149,259.441467,1072.317383,584.954468,0,0,0,0,0,315.018100
35,1044.546997,333.700836,883.790161,336.145386,1,1,1,0,0,1.649439
36,869.260986,400.817413,704.909729,403.484650,0,0,0,0,0,1.498009
37,1013.460327,264.785461,855.111084,265.337311,1,1,0,1,1,0.332858
38,977.055847,712.200378,803.141052,712.235168,0,0,0,0,0,5.773230
39,901.652283,353.986359,750.866882,357.892151,0,0,0,0,0,2.185527
40,910.417664,90.355339,759.401550,93.379646,0,0,0,0,0,0.539934
41,1061.922241,228.545990,900.979126,230.606110,1,1,1,0,0,1.618354
42,851.537781,132.333710,696.648804,134.300125,1,1,1,0,1,1.446342
43,884.002563,300.975403,733.138184,296.417725,0,0,0,0,0,6.397979
44,887.932129,635.910217,720.580627,641.546631,0,0,0,0,0,2.117842
45,998.891357,80.579994,846.286926,83.207649,0,0,0,0,0,0.145945
46,1104.838989,618.148315,590.500183,259.399200,0,0,0,0,0,344.321392
47,947.879456,333.542236,794.769775,335.024567,1,1,1,0,1,0.012241
48,961.919495,150.253601,802.731689,152.589294,1,1,1,0,1,0.514375
49,946.340881,162.042587,788.764587,163.565536,1,1,0,1,1,0.429428
50,1092.742798,49.399181,947.594482,57.955872,0,0,0,0,0,6.671158
51,884.002563,300.975403,733.138184,296.417725,0,0,0,0,0,6.397979
52,975.423279,415.082153,821.216309,422.612183,0,0,0,0,0,5.769107
