=== RT SIFT DIAGNOSTICS ===
This report describes the selected best frame pair only.
Coordinates are undistorted display pixels: frame_B/UI-left -> frame_A/UI-right.

[SELECTED_PAIR]
video=SU01\video_20260729_134753.mp4
frame_left_B=1
frame_right_A=0
shared_markers=1
baseline_mm=21.969051
rt_sift_role=validation_only
rt_sift_applied=False
rt_reliable=True

[PIPELINE_COUNTS]
left_keypoint_count=776
right_keypoint_count=785
left_descriptor_count=776
right_descriptor_count=785
knn_pair_count=776
ratio_pass_count=105
mutual_pass_count=101
spatially_balanced_count=69
essential_ransac_inlier_count=34
recoverpose_inlier_count=33
final_rt_sift_point_count=0
final_rt_feature_inlier_count=26
final_rt_feature_outlier_count=43

[FEATURE_QUALITY]
match_count=69
essential_inlier_count=34
inlier_count=33
inlier_ratio=0.4782608695652174
grid_coverage=0.2916666666666667
hull_coverage=0.16462478870958447
parallax_deg=9.161901688603052
homography_ratio=0.34782608695652173
planar_degenerate=False
model_epi_px=0.3623471795227673
quality_penalty=0.0
quality_ok=True
strong=False
marker_rt_feature_epi_px=0.5852435984184596
final_feature_epi_px=0.5405574901095467
final_feature_inlier_p90_px=1.038545679928217
final_feature_all_p90_px=14.939304967888331
final_feature_holdout_median_px=1.0215230383657672
marker_bidir_rms_px=0.10562211105787878
marker_left_to_right_rms_px=0.1483910122210853
marker_right_to_left_rms_px=0.01709292779623977
marker_bidir_max_px=0.15618229618981452
marker_pnp_self_reproj_px=0.08078639209270477
joint_solution_role=marker_only
feature_rot_agreement_deg=2.3954222297858645
pair_score=0.6849629830619142
combined_score=0.24547385302857982
sharpness_min=68.60589968736983
marker_coverage=0.0016796812106818493

[ACTIVE_THRESHOLDS]
sift_max_keypoints=800
sift_contrast_threshold=0.01
match_ratio=0.75
ransac_threshold_px=0.75
min_matches=11
min_inlier_ratio=0.28
min_grid_coverage=0.16666666666666666
min_hull_coverage=0.02
min_parallax_deg=1.0
strong_inliers=40
strong_grid_coverage=0.25

final_feature_inlier_px=1.5
final_feature_p90_max_px=1.25
marker_bidir_rms_max_px=1.5
marker_bidir_point_max_px=2.0

[FINAL_RT_LEFT_TO_RIGHT]
R0=0.999937106049 0.000883944638544 0.0111804556731
R1=-0.00086949652618 0.999998780805 -0.00129705990169
R2=-0.0111815885711 0.0012872569571 0.999936655517
t_mm=-21.9596151444 0.640192477374 0.0683718957853

[GRID_COUNTS_6x4]
raw_keypoints_left
     6  328   81    0    0    0
     0  163  198    0    0    0
     0    0    0    0    0    0
     0    0    0    0    0    0
raw_keypoints_right
     9  404   55    0    0    0
     0  245   72    0    0    0
     0    0    0    0    0    0
     0    0    0    0    0    0
balanced_candidates_left
     1    1    0    4    1    7
     0    0    7   24    7    0
     0    0    3    8    3    1
     0    0    1    0    1    0
balanced_candidates_right
     1    1    0    4    0    7
     0    1   21   17    2    0
     0    0    8    4    1    0
     0    0    0    1    0    1
essential_inliers_left
     0    0    0    0    0    4
     0    0    3   18    5    0
     0    0    1    1    2    0
     0    0    0    0    0    0
essential_inliers_right
     0    0    0    0    0    4
     0    0   13   11    2    0
     0    0    1    2    1    0
     0    0    0    0    0    0
recoverpose_inliers_left
     0    0    0    0    0    3
     0    0    3   18    5    0
     0    0    1    1    2    0
     0    0    0    0    0    0
recoverpose_inliers_right
     0    0    0    0    0    3
     0    0   13   11    2    0
     0    0    1    2    1    0
     0    0    0    0    0    0
joint_optimization_left
     0    0    0    0    0    2
     0    0    3   15    2    0
     0    0    1    1    2    0
     0    0    0    0    0    0
joint_optimization_right
     0    0    0    0    0    2
     0    0   11    9    0    0
     0    0    1    2    1    0
     0    0    0    0    0    0
holdout_left
     0    0    0    0    0    1
     0    0    0    3    3    0
     0    0    0    0    0    0
     0    0    0    0    0    0
holdout_right
     0    0    0    0    0    1
     0    0    2    2    2    0
     0    0    0    0    0    0
     0    0    0    0    0    0
final_rt_inliers_left
     0    0    0    0    0    0
     0    0    1   17    5    0
     0    0    0    1    2    0
     0    0    0    0    0    0
final_rt_inliers_right
     0    0    0    0    0    0
     0    0   10   11    2    0
     0    0    0    2    1    0
     0    0    0    0    0    0

[MATCH_TABLE]
index,left_x,left_y,right_x,right_y,essential_inlier,recoverpose_inlier,optimization_used,holdout,final_rt_inlier,final_epipolar_px
1,73.105484,226.756622,73.770638,253.706192,0,0,0,0,0,22.761736
2,1010.895630,468.468140,914.767578,470.033173,1,1,0,1,1,0.555787
3,384.340729,147.295410,301.715424,150.766342,0,0,0,0,0,1.724782
4,1010.188660,176.405762,808.380005,165.966705,0,0,0,0,0,14.058488
5,1228.568481,108.619888,1154.656860,114.901176,0,0,0,0,0,9.748370
6,1116.607788,632.145691,456.365356,486.912109,0,0,0,0,0,166.239585
7,703.247009,482.589691,592.119629,485.900635,1,1,0,0,1,0.147475
8,771.601929,342.076111,675.037231,344.284698,1,1,0,0,1,0.167784
9,791.866699,210.163422,708.889587,210.088196,0,0,0,0,0,1.547953
10,710.367004,319.848572,613.069458,321.905151,1,1,0,0,1,0.637329
11,1213.276123,250.643829,1223.090576,255.686127,0,0,0,0,0,9.412872
12,684.483521,383.164703,581.871094,387.117340,0,0,0,0,0,0.960361
13,835.153809,244.408478,768.109497,263.628143,0,0,0,0,0,18.462574
14,595.029053,577.854919,487.290161,583.140259,1,1,0,0,0,2.366247
15,634.487610,545.138123,520.678223,542.089050,0,0,0,0,0,6.274973
16,739.641174,460.607086,637.088257,464.450958,1,1,0,1,1,1.031170
17,661.328430,381.403625,556.631592,383.598419,1,1,0,0,1,0.963264
18,753.642273,507.555939,641.114197,509.911987,0,0,0,0,0,0.781256
19,710.367004,319.848572,613.069458,321.905151,1,1,0,0,1,0.637329
20,478.882446,317.054138,722.622437,936.243469,0,0,0,0,0,627.785260
21,684.483521,383.164703,581.871094,387.117340,0,0,0,0,0,0.960361
22,750.482605,268.830261,657.592163,269.243774,0,0,0,0,0,1.835303
23,1244.705444,115.356010,1162.719604,123.608246,1,1,0,0,0,11.481096
24,822.514832,347.791351,726.297058,349.730804,1,1,0,0,1,0.195862
25,1244.263794,106.529259,1167.392212,115.410263,1,1,0,1,0,12.403801
26,775.675232,193.143250,694.936035,196.788376,0,0,0,0,0,2.159287
27,665.534119,425.451416,557.525757,427.923676,1,1,0,0,1,0.730848
28,920.996704,498.995239,818.795715,494.231812,0,0,0,0,0,7.351062
29,735.649597,317.660217,636.405518,319.743256,1,1,0,0,1,0.537732
30,707.636780,465.228668,597.882568,468.128571,1,1,0,0,1,0.219199
31,732.292542,513.058105,615.926392,511.679779,0,0,0,0,0,4.662377
32,1243.631226,191.399185,1257.692505,195.211517,1,0,0,0,0,9.354152
33,624.013916,272.303925,531.896912,275.133972,0,0,0,0,0,0.233679
34,778.523010,321.397064,681.974731,323.930115,1,1,0,0,1,0.229799
35,872.613403,932.082947,373.354156,343.130402,0,0,0,0,0,604.288700
36,720.672363,348.099396,621.678040,349.764160,1,1,0,1,1,1.045921
37,854.041870,375.359344,754.718201,377.909485,1,1,0,0,1,0.357217
38,875.992188,611.228638,760.444397,614.268555,1,1,0,0,1,0.389661
39,677.372070,540.607544,563.781067,542.255432,0,0,0,0,0,1.560313
40,805.432007,491.694031,701.417542,493.928558,1,1,0,0,1,0.543383
41,851.770447,396.572693,752.303772,398.461426,1,1,0,0,1,0.387326
42,695.482300,535.131836,581.857605,537.381836,0,0,0,0,0,0.958350
43,800.165039,270.378479,711.050354,268.691406,0,0,0,0,0,3.479758
44,780.148987,452.287476,679.245911,453.956146,0,0,0,0,0,0.990463
45,840.781128,363.871735,743.404175,367.037903,1,1,0,1,1,1.021523
46,753.908203,247.772278,677.025391,250.709549,0,0,0,0,0,1.298029
47,1217.553955,109.413658,1144.897461,114.266052,0,0,0,0,0,8.257763
48,631.393433,306.453247,535.716309,307.006470,1,1,0,0,0,2.540262
49,722.258362,314.970795,626.379395,315.908051,1,1,0,0,0,1.639074
50,535.148376,301.517303,440.407532,301.874268,1,1,0,0,0,3.297326
51,753.477356,408.957977,654.903137,411.547852,1,1,0,0,1,0.017470
52,876.820251,396.185455,777.877808,397.879974,1,1,0,1,1,0.475421
53,677.372070,540.607544,563.781067,542.255432,0,0,0,0,0,1.560313
54,778.523010,321.397064,681.974731,323.930115,1,1,0,0,1,0.229799
55,608.827393,665.398987,497.248810,676.379944,0,0,0,0,0,8.246009
56,624.467407,288.718292,533.338928,290.300018,1,1,0,0,1,1.422270
57,877.317200,274.228973,574.371582,408.110809,0,0,0,0,0,124.944290
58,1221.012329,64.779251,1146.044678,74.285706,1,1,0,0,0,13.433089
59,870.343872,407.174500,770.857971,409.837158,1,1,0,0,1,0.409240
60,627.788513,318.024963,531.335571,318.135223,0,0,0,0,0,3.013998
61,750.920044,534.286865,635.502075,532.234436,0,0,0,0,0,5.291724
62,722.970398,544.862671,609.676331,544.769958,0,0,0,0,0,3.271909
63,971.891235,478.281281,871.652283,479.941101,1,1,0,1,1,0.715509
64,900.723145,672.984192,781.863953,680.901978,0,0,0,0,0,4.139288
65,567.311279,338.492462,460.971863,351.749878,0,0,0,0,0,9.525785
66,602.831116,922.837524,1143.568726,1011.033264,0,0,0,0,0,106.389788
67,785.551636,540.388306,680.973022,549.687683,0,0,0,0,0,6.412962
68,838.681030,545.506226,729.876770,549.298401,1,1,0,0,1,0.770983
69,998.615662,533.693359,896.734741,535.230225,1,1,0,0,1,1.197223
