=== RT SIFT DIAGNOSTICS ===
This report describes the selected best frame pair only.
Coordinates are undistorted display pixels: frame_B/UI-left -> frame_A/UI-right.

[SELECTED_PAIR]
video=SU01\video_20260729_135241.mp4
frame_left_B=1
frame_right_A=0
shared_markers=1
baseline_mm=20.756636
rt_sift_role=final_rt
rt_sift_applied=True
rt_reliable=True

[PIPELINE_COUNTS]
left_keypoint_count=779
right_keypoint_count=784
left_descriptor_count=779
right_descriptor_count=784
knn_pair_count=779
ratio_pass_count=171
mutual_pass_count=159
spatially_balanced_count=128
essential_ransac_inlier_count=75
recoverpose_inlier_count=75
final_rt_sift_point_count=60
final_rt_feature_inlier_count=71
final_rt_feature_outlier_count=57

[FEATURE_QUALITY]
match_count=128
essential_inlier_count=75
inlier_count=75
inlier_ratio=0.5859375
grid_coverage=0.4583333333333333
hull_coverage=0.2771458286962793
parallax_deg=9.415387445382391
homography_ratio=0.4765625
planar_degenerate=False
model_epi_px=0.4648639929232063
quality_penalty=0.0
quality_ok=True
strong=True
marker_rt_feature_epi_px=39.27003509317571
final_feature_epi_px=0.6450321003719562
final_feature_inlier_p90_px=1.196598591482314
final_feature_all_p90_px=26.959114262387025
final_feature_holdout_median_px=0.7980085670412991
marker_bidir_rms_px=0.4586624656859252
marker_left_to_right_rms_px=0.4227043759862115
marker_right_to_left_rms_px=0.49199951766266253
marker_bidir_max_px=0.6778774139635331
marker_pnp_self_reproj_px=0.2785385847091675
joint_solution_role=joint_from_marker_w4
feature_rot_agreement_deg=50.12240631815645
pair_score=0.8668163719495396
combined_score=0.8346168542001524
sharpness_min=58.66039482267515
marker_coverage=0.0009603339041284187

[ACTIVE_THRESHOLDS]
sift_max_keypoints=800
sift_contrast_threshold=0.01
match_ratio=0.75
ransac_threshold_px=0.75
min_matches=11
min_inlier_ratio=0.28
min_grid_coverage=0.16666666666666666
min_hull_coverage=0.02
min_parallax_deg=1.0
strong_inliers=40
strong_grid_coverage=0.25

final_feature_inlier_px=1.5
final_feature_p90_max_px=1.25
marker_bidir_rms_max_px=1.5
marker_bidir_point_max_px=2.0

[FINAL_RT_LEFT_TO_RIGHT]
R0=0.999994072055 -0.00232921167826 -0.00253586814543
R1=0.00232075199741 0.99999174972 -0.00333385689393
R2=0.00254361248222 0.00332795200995 0.999991227347
t_mm=-20.7312715965 0.938632863776 0.413888557219

[GRID_COUNTS_6x4]
raw_keypoints_left
    41  100  168    0    0    0
    38  360   72    0    0    0
     0    0    0    0    0    0
     0    0    0    0    0    0
raw_keypoints_right
    39  158  163    0    0    0
    34  368   22    0    0    0
     0    0    0    0    0    0
     0    0    0    0    0    0
balanced_candidates_left
     3    1    2    5   19    4
     0    0    0   20    6   24
     0    0    3   24    9    1
     0    0    0    5    1    1
balanced_candidates_right
     2    1    2    9   16    1
     0    0    3   22    5   22
     0    0   14   17    4    0
     0    0    2    5    1    2
essential_inliers_left
     0    0    2    1   10    1
     0    0    0   17    2   17
     0    0    2   16    3    0
     0    0    0    4    0    0
essential_inliers_right
     0    0    2    2    9    1
     0    0    3   16    3   14
     0    0    7   14    0    0
     0    0    2    2    0    0
recoverpose_inliers_left
     0    0    2    1   10    1
     0    0    0   17    2   17
     0    0    2   16    3    0
     0    0    0    4    0    0
recoverpose_inliers_right
     0    0    2    2    9    1
     0    0    3   16    3   14
     0    0    7   14    0    0
     0    0    2    2    0    0
joint_optimization_left
     0    0    2    1    9    0
     0    0    0   13    1   12
     0    0    2   15    2    0
     0    0    0    3    0    0
joint_optimization_right
     0    0    2    2    8    0
     0    0    2   12    1   11
     0    0    6   13    0    0
     0    0    2    1    0    0
holdout_left
     0    0    0    0    1    1
     0    0    0    4    1    5
     0    0    0    1    1    0
     0    0    0    1    0    0
holdout_right
     0    0    0    0    1    1
     0    0    1    4    2    3
     0    0    1    1    0    0
     0    0    0    1    0    0
final_rt_inliers_left
     0    0    2    1   10    1
     0    0    0   16    2   17
     0    0    2   16    3    0
     0    0    0    1    0    0
final_rt_inliers_right
     0    0    2    2    9    1
     0    0    2   16    3   14
     0    0    7   14    0    0
     0    0    1    0    0    0

[MATCH_TABLE]
index,left_x,left_y,right_x,right_y,essential_inlier,recoverpose_inlier,optimization_used,holdout,final_rt_inlier,final_epipolar_px
1,1229.922729,252.315933,1231.540161,298.994171,0,0,0,0,0,46.904061
2,1236.260498,235.658920,1237.140747,278.065796,0,0,0,0,0,42.570788
3,394.277374,169.859100,351.248291,163.018158,0,0,0,0,0,5.630434
4,1164.058960,763.969238,1120.058716,807.994934,0,0,0,0,0,44.149874
5,1101.532104,93.290695,1066.727783,95.177986,1,1,0,1,1,0.524900
6,1074.751587,105.280731,1038.143066,105.544250,0,0,0,0,0,1.107361
7,923.214661,940.207764,831.472595,924.233948,0,0,0,0,0,16.142015
8,902.318176,506.547455,828.101501,507.285645,0,0,0,0,0,1.685056
9,1155.616333,331.092010,1106.082153,333.121490,1,1,1,0,1,0.337131
10,508.214905,144.283142,438.912628,145.858429,1,1,1,0,1,0.554598
11,1112.061646,320.914612,1059.937622,322.512848,1,1,1,0,1,0.798009
12,738.378479,365.284729,662.865112,366.651703,1,1,1,0,1,1.066730
13,1130.286743,272.665100,1083.296753,274.425507,1,1,0,1,1,0.482456
14,767.508728,609.440613,678.718079,612.828674,1,1,1,0,1,1.021688
15,1183.059814,791.048157,1192.592285,911.684998,0,0,0,0,0,123.201654
16,700.163940,593.431580,603.136353,596.893799,1,1,1,0,1,0.751865
17,874.098145,118.810478,823.829285,120.195610,1,1,1,0,1,0.002900
18,1141.658203,326.383057,1091.137695,326.952209,0,0,0,0,0,1.819013
19,967.348389,133.513962,921.512939,135.046707,1,1,1,0,1,0.004176
20,1112.061646,320.914612,1059.937622,322.512848,1,1,0,1,1,0.798009
21,1142.379517,312.116272,1093.217773,313.676147,1,1,1,0,1,0.783562
22,792.270935,507.472961,709.125732,510.088959,1,1,1,0,1,0.005847
23,767.508728,609.440613,678.718079,612.828674,1,1,1,0,1,1.021688
24,544.253906,121.037491,480.266876,120.967529,1,1,1,0,1,0.831720
25,888.351257,514.629761,812.890991,512.248474,0,0,0,0,0,4.803412
26,1122.678467,259.373291,1077.332642,260.541504,1,1,0,1,1,0.964746
27,718.304443,398.159668,642.788025,402.560852,0,0,0,0,0,2.085466
28,73.431786,228.164719,73.500763,255.133423,0,0,0,0,0,31.989089
29,625.531860,520.736023,530.134521,525.121826,0,0,0,0,0,1.603545
30,728.240417,572.673767,636.581665,574.490601,1,1,1,0,1,0.794226
31,686.799561,576.523376,590.473083,579.894958,1,1,1,0,1,0.639504
32,903.645813,56.359844,857.198608,49.502178,0,0,0,0,0,7.968047
33,834.927246,629.151428,744.802490,631.364380,1,1,1,0,1,0.229561
34,888.750793,451.018463,812.339478,450.187317,0,0,0,0,0,3.545513
35,994.325806,81.864761,955.051331,83.878616,1,1,1,0,1,0.868880
36,692.946655,545.594177,599.963928,547.883301,1,1,0,1,1,0.431253
37,839.059021,565.348083,754.130737,568.013855,1,1,1,0,1,0.117224
38,974.537964,64.378044,938.956299,65.781097,1,1,1,0,1,0.645032
39,849.819153,561.953247,765.582764,565.892151,0,0,0,0,0,1.386456
40,846.342102,613.658752,757.408325,615.802185,1,1,1,0,1,0.354099
41,1175.933105,352.128510,1125.913696,353.270905,1,1,1,0,1,1.261976
42,957.261292,89.641014,917.077942,90.599709,1,1,0,1,1,0.083554
43,764.430176,544.345703,679.427917,546.780518,1,1,1,0,1,0.053188
44,931.733704,493.096802,860.278992,493.720306,0,0,0,0,0,1.783962
45,32.577339,49.919338,60.588329,65.968704,0,0,0,0,0,24.803411
46,967.912415,62.754200,932.261597,64.278427,1,1,1,0,1,0.797174
47,833.427795,584.453003,747.237610,588.719238,0,0,0,0,0,1.767085
48,662.183105,687.429626,556.396240,692.410339,0,0,0,0,0,2.470703
49,731.179565,529.933716,643.509399,531.697083,1,1,1,0,1,0.843023
50,940.436890,130.630035,892.082947,131.293411,1,1,1,0,1,0.913691
51,1186.513672,289.428375,1142.217285,290.234589,0,0,0,0,0,1.445566
52,718.304443,398.159668,642.788025,402.560852,0,0,0,0,0,2.085466
53,1113.883911,332.126495,1061.825562,333.599579,1,1,0,1,1,0.900487
54,1007.676025,745.051025,922.172913,781.282227,0,0,0,0,0,34.667276
55,1140.387085,266.089630,1095.432617,267.918365,1,1,1,0,1,0.337410
56,706.481262,542.478577,615.425720,542.290039,0,0,0,0,0,2.858248
57,1123.675049,291.603577,1074.442383,293.633240,1,1,1,0,1,0.293604
58,660.781921,435.259094,576.577942,437.789062,1,1,1,0,1,0.013691
59,847.986816,590.067810,762.249268,592.356995,1,1,1,0,1,0.190194
60,1148.970215,288.999359,1102.387207,290.277405,1,1,0,1,1,0.979963
61,792.442749,117.664703,730.882324,123.332336,0,0,0,0,0,3.887396
62,830.968506,537.826965,747.524902,540.666931,1,1,1,0,1,0.252435
63,972.064148,115.931496,929.465393,116.100937,0,0,0,0,0,1.146712
64,1161.177002,310.193665,1113.420654,311.571075,1,1,1,0,1,0.950948
65,686.784180,750.203247,578.789734,753.791504,1,1,1,0,1,1.377550
66,1173.240234,338.697571,1124.879272,340.809235,1,1,1,0,1,0.225635
67,780.628784,486.612030,695.055542,488.053528,1,1,0,1,1,1.345291
68,875.292175,54.201550,827.469971,44.876816,0,0,0,0,0,10.374372
69,1135.707520,292.966980,1117.836548,332.943573,0,0,0,0,0,39.416187
70,843.036438,56.104652,847.119507,44.250317,0,0,0,0,0,9.116633
71,659.180542,731.556580,551.112305,738.011963,0,0,0,0,0,4.148512
72,654.957275,679.172729,549.749023,684.865295,0,0,0,0,0,3.168714
73,780.628784,486.612030,695.055542,488.053528,1,1,1,0,1,1.345291
74,679.442261,699.877441,574.163879,701.910645,0,0,0,0,0,0.405687
75,605.641907,582.573975,506.359528,585.924500,1,1,1,0,1,0.671454
76,959.451111,96.719070,918.726746,97.619591,1,1,1,0,1,0.201911
77,831.227478,608.619751,743.068115,610.612732,1,1,1,0,1,0.469086
78,854.084412,602.057129,767.606201,605.174500,1,1,0,1,1,0.657424
79,1027.270508,164.408722,992.475464,165.446716,1,1,1,0,1,0.069286
80,903.645813,56.359844,857.198608,49.502178,0,0,0,0,0,7.968047
81,820.611938,813.065552,719.859924,816.402405,1,1,1,0,0,1.786849
82,1183.581055,358.018890,1134.405518,360.001862,1,1,1,0,1,0.381073
83,821.851135,560.768311,737.426270,563.911133,1,1,1,0,1,0.633397
84,678.485168,441.640289,592.198303,443.235657,1,1,0,1,1,1.096180
85,696.560852,619.502319,599.087341,623.770874,0,0,0,0,0,1.680649
86,167.465622,208.641769,782.618713,840.146912,0,0,0,0,0,666.164305
87,818.024902,504.168610,736.291443,507.513641,1,1,1,0,1,0.732191
88,1135.707520,292.966980,1117.836548,332.943573,0,0,0,0,0,39.416187
89,804.871826,488.682648,722.081421,492.016815,1,1,1,0,1,0.639523
90,739.806580,475.021851,655.136353,477.397491,1,1,1,0,1,0.298435
91,740.276062,483.158661,654.131165,485.170990,1,1,1,0,1,0.713083
92,862.622986,500.030579,785.773010,500.640045,0,0,0,0,0,1.879045
93,796.981445,484.369019,714.919250,486.413971,1,1,0,1,1,0.608145
94,954.878967,137.239471,907.655823,138.561646,1,1,1,0,1,0.254377
95,778.702393,428.907745,700.169556,431.706055,1,1,1,0,1,0.207933
96,946.986511,81.087807,905.637756,80.674324,0,0,0,0,0,1.464088
97,1204.951660,363.650604,1156.934692,366.274323,1,1,1,0,1,0.275730
98,1129.866089,303.036652,1080.094360,304.369049,1,1,1,0,1,1.022420
99,758.170105,430.639191,678.067139,432.039490,1,1,0,1,1,1.211756
100,735.184631,469.024902,650.451477,471.169006,1,1,1,0,1,0.540602
101,941.685120,105.974640,896.817383,100.214981,0,0,0,0,0,7.052855
102,974.364563,600.114746,954.190552,661.225403,0,0,0,0,0,61.584433
103,882.295715,508.799927,806.485779,511.167358,1,1,1,0,1,0.078913
104,980.440979,57.890045,944.472717,57.487415,0,0,0,0,0,1.194111
105,615.095337,598.894897,514.230225,601.896973,1,1,1,0,1,0.302833
106,895.855164,126.204338,845.424866,129.134842,0,0,0,0,0,1.415954
107,1089.327637,302.028473,1036.978149,302.632202,0,0,0,0,0,1.765139
108,1039.981079,766.573853,954.190552,661.225403,0,0,0,0,0,107.211588
109,1167.442993,315.458954,1120.014282,316.898285,1,1,1,0,1,0.879644
110,820.587158,851.592529,715.777405,855.655090,1,1,0,1,0,2.700912
111,1021.239685,766.547729,960.059021,660.826599,0,0,0,0,0,106.517847
112,1161.429199,321.359741,1112.585205,324.610413,0,0,0,0,0,0.881389
113,875.547241,561.967529,794.643616,565.648987,1,1,1,0,1,1.237801
114,952.314697,546.066528,882.645752,560.749573,0,0,0,0,0,12.563679
115,846.283203,58.114857,801.617310,52.407043,0,0,0,0,0,6.417519
116,835.608582,78.374641,787.732910,80.449165,1,1,1,0,1,1.111635
117,671.719788,815.692505,554.217590,818.952332,1,1,1,0,1,1.196599
118,829.757874,57.764454,778.694153,48.078690,0,0,0,0,0,10.741577
119,864.926331,531.229065,784.822327,534.788879,1,1,1,0,1,1.033987
120,738.901672,402.698151,659.597595,403.026978,0,0,0,0,0,2.249519
121,854.273254,462.212311,778.340942,464.609070,1,1,0,1,1,0.160644
122,690.505371,836.688904,578.208496,840.983948,1,1,1,0,0,2.600187
123,730.758850,421.846191,650.819763,423.729431,1,1,1,0,1,0.662683
124,1089.327637,302.028473,1069.177856,346.141663,0,0,0,0,0,43.581145
125,705.806702,446.737488,619.925720,447.674225,1,1,1,0,0,1.796048
126,875.292175,54.201550,827.469971,44.876816,0,0,0,0,0,10.374372
127,756.451111,477.560303,670.202576,478.925873,1,1,1,0,1,1.426838
128,844.145325,896.028564,736.494629,905.213074,0,0,0,0,0,8.155400
