=== RT SIFT DIAGNOSTICS ===
This report describes the selected best frame pair only.
Coordinates are undistorted display pixels: frame_B/UI-left -> frame_A/UI-right.

[SELECTED_PAIR]
video=SU01\video_20260729_140609.mp4
frame_left_B=1
frame_right_A=0
shared_markers=1
baseline_mm=23.861597
rt_sift_role=final_rt
rt_sift_applied=True
rt_reliable=True

[PIPELINE_COUNTS]
left_keypoint_count=790
right_keypoint_count=791
left_descriptor_count=790
right_descriptor_count=791
knn_pair_count=790
ratio_pass_count=168
mutual_pass_count=155
spatially_balanced_count=102
essential_ransac_inlier_count=55
recoverpose_inlier_count=53
final_rt_sift_point_count=42
final_rt_feature_inlier_count=43
final_rt_feature_outlier_count=59

[FEATURE_QUALITY]
match_count=102
essential_inlier_count=55
inlier_count=53
inlier_ratio=0.5196078431372549
grid_coverage=0.3333333333333333
hull_coverage=0.17880142828715825
parallax_deg=9.029452553043805
homography_ratio=0.47058823529411764
planar_degenerate=False
model_epi_px=0.4325256458451465
quality_penalty=0.0
quality_ok=True
strong=True
marker_rt_feature_epi_px=3.5340878486239227
final_feature_epi_px=0.42683944004060304
final_feature_inlier_p90_px=0.8994129070264474
final_feature_all_p90_px=103.21997169710188
final_feature_holdout_median_px=0.26019423273262404
marker_bidir_rms_px=0.4408835095658407
marker_left_to_right_rms_px=0.4497209218369589
marker_right_to_left_rms_px=0.4318652920486913
marker_bidir_max_px=0.6897368433823372
marker_pnp_self_reproj_px=0.13379140198230743
joint_solution_role=joint_from_marker_w12
feature_rot_agreement_deg=0.3230438878055987
pair_score=0.8791277981380715
combined_score=0.3169193826183181
sharpness_min=50.11220583680493
marker_coverage=0.0005537810450874758

[ACTIVE_THRESHOLDS]
sift_max_keypoints=800
sift_contrast_threshold=0.01
match_ratio=0.75
ransac_threshold_px=0.75
min_matches=11
min_inlier_ratio=0.28
min_grid_coverage=0.16666666666666666
min_hull_coverage=0.02
min_parallax_deg=1.0
strong_inliers=40
strong_grid_coverage=0.25

final_feature_inlier_px=1.5
final_feature_p90_max_px=1.25
marker_bidir_rms_max_px=1.5
marker_bidir_point_max_px=2.0

[FINAL_RT_LEFT_TO_RIGHT]
R0=0.999841129152 0.00571793818367 0.0168825838894
R1=-0.00569539507164 0.999982824653 -0.00138306652931
R2=-0.0168902022141 0.00128669381528 0.999856522451
t_mm=-23.8369831132 1.06378859616 0.205934469414

[GRID_COUNTS_6x4]
raw_keypoints_left
    32  174  118    0    0    0
   108  133  225    0    0    0
     0    0    0    0    0    0
     0    0    0    0    0    0
raw_keypoints_right
    39  211   61    0    0    0
   103  253  124    0    0    0
     0    0    0    0    0    0
     0    0    0    0    0    0
balanced_candidates_left
     2    0    1    4    0    2
     1    1    2   20   11    1
     1    3    1   11   24    0
     0    5    3    0    4    5
balanced_candidates_right
     1    1    0    4    0    2
     3    1    5   24    1    3
     0    3    5   24   12    0
     1    2    1    0    5    4
essential_inliers_left
     0    0    1    1    0    0
     0    1    1   11    8    1
     0    0    1    8   21    0
     0    0    1    0    0    0
essential_inliers_right
     0    1    0    1    0    0
     0    1    1   19    0    1
     0    0    2   19    9    0
     0    0    1    0    0    0
recoverpose_inliers_left
     0    0    1    1    0    0
     0    1    1   11    8    0
     0    0    1    8   21    0
     0    0    0    0    0    0
recoverpose_inliers_right
     0    1    0    1    0    0
     0    1    1   19    0    0
     0    0    2   19    9    0
     0    0    0    0    0    0
joint_optimization_left
     0    0    1    1    0    0
     0    1    1    9    6    0
     0    0    1    8   14    0
     0    0    0    0    0    0
joint_optimization_right
     0    1    0    1    0    0
     0    1    1   15    0    0
     0    0    2   14    7    0
     0    0    0    0    0    0
holdout_left
     0    0    0    0    0    0
     0    0    0    2    2    0
     0    0    0    0    7    0
     0    0    0    0    0    0
holdout_right
     0    0    0    0    0    0
     0    0    0    4    0    0
     0    0    0    5    2    0
     0    0    0    0    0    0
final_rt_inliers_left
     0    0    0    1    0    0
     0    0    0    6    8    0
     0    0    0    7   21    0
     0    0    0    0    0    0
final_rt_inliers_right
     0    0    0    1    0    0
     0    0    0   14    0    0
     0    0    0   19    9    0
     0    0    0    0    0    0

[MATCH_TABLE]
index,left_x,left_y,right_x,right_y,essential_inlier,recoverpose_inlier,optimization_used,holdout,final_rt_inlier,final_epipolar_px
1,1043.156494,631.665222,967.493591,634.831482,1,1,0,1,1,0.442709
2,771.912048,689.763367,699.648560,692.582275,1,1,1,0,1,0.208916
3,1100.926880,927.135315,183.712967,343.314911,0,0,0,0,0,626.130979
4,790.939209,708.224670,719.110352,711.059998,1,1,1,0,1,0.188549
5,293.618073,461.319092,220.067993,462.846527,1,1,1,0,0,5.617402
6,1196.911255,922.313171,1162.979614,916.334717,0,0,0,0,0,10.985990
7,59.139301,48.920910,164.746674,283.129700,0,0,0,0,0,228.040929
8,933.285339,406.150055,846.570435,405.269989,0,0,0,0,0,2.793821
9,854.024475,257.842194,768.235840,259.465393,1,1,1,0,1,0.322822
10,163.089584,439.164825,1078.584595,844.098633,0,0,0,0,0,447.864833
11,462.173737,878.854919,465.979156,881.122986,1,0,0,0,0,4.517071
12,622.317627,392.693878,538.616211,396.131042,0,0,0,0,0,1.494456
13,893.177551,752.452271,822.001648,758.477661,0,0,0,0,0,2.744132
14,1047.997070,944.266296,1029.154175,936.759277,0,0,0,0,0,10.710412
15,1024.264404,505.301941,932.496887,678.147217,0,0,0,0,0,169.530160
16,614.285217,870.201172,1067.348999,852.521240,0,0,0,0,0,3.429899
17,897.761963,326.185730,882.658875,436.365967,0,0,0,0,0,111.703697
18,902.092834,475.517670,818.532166,477.606110,1,1,0,1,1,0.380176
19,1194.936157,931.438599,1175.840210,941.645752,0,0,0,0,0,5.573264
20,943.777100,567.073853,864.795410,570.127686,1,1,1,0,1,0.465950
21,880.827820,476.633545,798.400208,479.106110,1,1,1,0,1,0.098423
22,1077.791992,993.591248,1053.218018,987.057495,0,0,0,0,0,10.793344
23,953.875610,554.699768,874.186279,557.813171,1,1,1,0,1,0.617255
24,864.005554,487.438538,783.741882,490.316742,1,1,1,0,1,0.247078
25,917.342957,617.876343,839.930115,620.940063,1,1,0,1,1,0.158525
26,684.467102,631.116455,614.585449,636.184204,0,0,0,0,0,1.983617
27,819.475647,621.584778,741.949707,623.864746,1,1,1,0,1,0.857732
28,918.888916,605.134094,841.457153,607.965637,1,1,1,0,1,0.002581
29,604.173523,561.226135,529.504700,563.236328,1,1,1,0,0,1.872213
30,910.582825,632.163147,833.718445,635.142029,1,1,1,0,1,0.009359
31,680.040955,316.833374,560.867432,550.000977,0,0,0,0,0,226.841626
32,753.242554,292.939240,662.035034,298.859955,0,0,0,0,0,2.097836
33,886.255432,515.767151,806.708130,518.195251,1,1,0,1,1,0.157717
34,1065.846436,948.647339,1047.581299,942.437500,0,0,0,0,0,9.615636
35,899.107483,496.762726,816.679993,498.871002,1,1,1,0,1,0.442492
36,847.803528,248.926331,759.578857,249.600082,1,1,1,0,1,1.452545
37,867.197632,593.477112,792.545837,597.129761,1,1,1,0,1,0.867318
38,797.950012,598.134827,720.336365,601.920715,1,1,1,0,1,0.625887
39,817.635620,398.799438,729.112549,400.179138,1,1,0,1,0,1.738351
40,674.985413,334.064819,571.130920,554.205078,0,0,0,0,0,214.602437
41,841.036804,538.803833,764.434143,540.557373,1,1,1,0,1,1.026876
42,924.354492,609.099609,847.012024,611.245056,1,1,1,0,1,0.686149
43,977.322388,669.501221,902.553528,673.226868,1,1,1,0,1,0.668142
44,840.645020,479.677979,760.620117,482.887634,0,0,0,0,0,0.456449
45,833.139954,502.284149,754.220093,503.527069,1,1,1,0,0,1.577177
46,894.249878,636.727661,816.640869,640.049133,1,1,0,1,1,0.266552
47,837.493469,682.496216,763.356506,687.868225,0,0,0,0,0,2.264717
48,1025.895264,950.983032,1007.270081,943.036194,0,0,0,0,0,10.984957
49,846.330444,231.898743,761.480652,238.209610,0,0,0,0,0,4.410219
50,941.716003,591.829346,862.946228,595.006958,1,1,1,0,1,0.426839
51,856.055847,624.593933,779.759888,627.639526,1,1,1,0,1,0.036472
52,930.327148,576.503723,852.053223,579.822937,1,1,1,0,1,0.654201
53,1037.435059,613.145813,959.517151,615.403625,1,1,1,0,1,0.392900
54,808.318176,588.566711,732.069153,593.812317,0,0,0,0,0,2.200456
55,925.641541,598.346375,846.570374,601.458374,1,1,0,1,1,0.260194
56,458.588623,192.765320,379.410706,195.785721,1,1,1,0,0,5.287305
57,1037.448486,947.265381,1017.735107,940.162781,0,0,0,0,0,10.270898
58,770.321716,412.018097,685.796814,415.185181,0,0,0,0,0,0.247464
59,946.043518,534.419312,865.457825,537.116577,1,1,1,0,1,0.266976
60,916.773438,625.336487,839.791687,628.562805,1,1,1,0,1,0.298205
61,755.906677,437.353485,672.843628,439.249390,1,1,1,0,0,1.603303
62,377.064087,604.567871,343.269928,608.839355,0,0,0,0,0,1.733276
63,1215.135010,242.013687,1230.733643,230.440628,0,0,0,0,0,2.400421
64,854.791077,648.964722,773.484497,648.778503,0,0,0,0,0,3.510702
65,874.086426,461.132202,791.992737,463.412415,1,1,0,1,1,0.247572
66,824.271851,567.376282,746.197449,569.814758,1,1,1,0,1,0.580351
67,832.247253,578.200195,754.394104,580.679932,1,1,1,0,1,0.526170
68,292.744171,951.931458,219.489685,962.734741,0,0,0,0,0,11.889737
69,871.298401,578.571777,795.504395,582.764465,0,0,0,0,0,1.425455
70,820.219299,475.516327,739.798340,477.514771,1,1,1,0,1,0.907437
71,1006.429443,588.396423,928.756653,590.549500,1,1,1,0,1,0.325978
72,924.354492,609.099609,847.012024,611.245056,1,1,0,1,1,0.686149
73,796.474426,362.178284,712.015259,364.115906,1,1,1,0,1,1.094826
74,884.124878,489.556000,802.149292,492.220947,1,1,1,0,1,0.074469
75,848.630615,453.389954,765.554382,454.145996,1,1,1,0,0,1.985262
76,439.651031,845.840881,374.663055,853.315430,0,0,0,0,0,6.430274
77,594.613708,310.481079,514.574158,312.658386,1,1,1,0,0,3.229876
78,234.694931,794.206787,166.390900,798.327637,0,0,0,0,0,2.745490
79,758.818237,492.952850,679.041138,496.109863,1,1,0,1,1,0.192347
80,315.571442,940.768921,72.528481,173.890808,0,0,0,0,0,780.007890
81,795.096436,411.487457,711.904175,413.748260,1,1,1,0,1,0.839135
82,344.185028,612.311951,281.892334,642.549622,0,0,0,0,0,26.416702
83,661.789917,467.673157,580.459717,472.220428,0,0,0,0,0,0.355876
84,290.547974,1000.460449,1140.021606,416.810028,0,0,0,0,0,542.516563
85,764.065735,372.644073,680.900269,372.528992,0,0,0,0,0,3.463923
86,1083.621338,773.535156,1049.056885,760.889099,0,0,0,0,0,14.934266
87,831.242065,474.604309,751.665283,476.541840,1,1,1,0,1,0.840536
88,820.219299,475.516327,739.798340,477.514771,1,1,1,0,1,0.907437
89,1156.465454,197.226624,1181.458984,190.208984,0,0,0,0,0,2.571512
90,290.547974,1000.460449,1140.021606,416.810028,0,0,0,0,0,542.516563
91,823.585266,448.949707,742.522705,450.102112,1,1,1,0,0,1.677596
92,947.995789,667.486755,871.847595,670.823242,1,1,0,1,1,0.225224
93,919.158936,493.786255,836.948364,496.784821,1,1,1,0,1,0.601614
94,673.992737,509.406677,594.777344,508.881165,0,0,0,0,0,4.413696
95,180.929901,732.121704,870.764404,548.136414,0,0,0,0,0,151.302035
96,73.174950,227.145569,76.022339,263.990417,0,0,0,0,0,26.866447
97,1175.152954,413.657898,1171.390015,414.450623,1,0,0,0,0,5.220717
98,416.777618,634.818481,376.425476,659.968750,0,0,0,0,0,22.891996
99,762.826416,209.712967,685.395752,209.117340,0,0,0,0,0,3.354069
100,668.970398,448.217285,587.292358,448.857910,0,0,0,0,0,3.555880
101,694.932251,552.109192,618.294067,553.944458,1,1,1,0,0,1.709459
102,764.869629,226.204651,678.665649,230.155762,0,0,0,0,0,0.693083
