=== RT SIFT DIAGNOSTICS ===
This report describes the selected best frame pair only.
Coordinates are undistorted display pixels: frame_B/UI-left -> frame_A/UI-right.

[SELECTED_PAIR]
video=D:\Lightglue\lg_env\SU01\model2\video_20260729_151442.mp4
frame_left_B=1
frame_right_A=0
shared_markers=1
baseline_mm=19.966003
rt_sift_role=final_rt
rt_sift_applied=True
rt_reliable=True

[PIPELINE_COUNTS]
left_keypoint_count=203
right_keypoint_count=221
left_descriptor_count=203
right_descriptor_count=221
knn_pair_count=203
ratio_pass_count=58
mutual_pass_count=54
spatially_balanced_count=43
essential_ransac_inlier_count=31
recoverpose_inlier_count=31
final_rt_sift_point_count=24
final_rt_feature_inlier_count=30
final_rt_feature_outlier_count=13

[FEATURE_QUALITY]
match_count=43
essential_inlier_count=31
inlier_count=31
inlier_ratio=0.7209302325581395
grid_coverage=0.16666666666666666
hull_coverage=0.043362768314963065
parallax_deg=8.73203570060029
homography_ratio=0.6744186046511628
planar_degenerate=False
model_epi_px=0.265626953635848
quality_penalty=0.08333333333333334
quality_ok=True
strong=False
marker_rt_feature_epi_px=10.154391360110143
final_feature_epi_px=0.37852504728706626
final_feature_inlier_p90_px=0.8050009793018666
final_feature_all_p90_px=2.87970271038003
final_feature_holdout_median_px=0.7401967225770996
marker_bidir_rms_px=0.3444666617139558
marker_left_to_right_rms_px=0.3490536225352207
marker_right_to_left_rms_px=0.3398177903814828
marker_bidir_max_px=0.6018782258626667
marker_pnp_self_reproj_px=0.13239306211471558
joint_solution_role=joint_from_marker_w4
feature_rot_agreement_deg=24.95939367103894
pair_score=0.7047610721501475
combined_score=0.7315377971228387
sharpness_min=51.72081494000681
marker_coverage=0.0009767060033567532

[ACTIVE_THRESHOLDS]
sift_max_keypoints=800
sift_contrast_threshold=0.01
match_ratio=0.75
ransac_threshold_px=0.75
min_matches=11
min_inlier_ratio=0.28
min_grid_coverage=0.16666666666666666
min_hull_coverage=0.02
min_parallax_deg=1.0
strong_inliers=40
strong_grid_coverage=0.25

final_feature_inlier_px=1.5
final_feature_p90_max_px=1.25
marker_bidir_rms_max_px=1.5
marker_bidir_point_max_px=2.0

[FINAL_RT_LEFT_TO_RIGHT]
R0=0.999993149809 0.000798533516247 -0.00361423293633
R1=-0.000793717683101 0.999998795625 0.00133370167744
R2=0.00361529358893 -0.00133082386074 0.999992579253
t_mm=-19.959232733 0.429826191194 -0.292508571471

[GRID_COUNTS_6x4]
raw_keypoints_left
     2  131   12    0    0    0
     1   50    7    0    0    0
     0    0    0    0    0    0
     0    0    0    0    0    0
raw_keypoints_right
    18  129   16    0    0    0
     2   47    9    0    0    0
     0    0    0    0    0    0
     0    0    0    0    0    0
balanced_candidates_left
     0    0    0    0    0    0
     0    0   18   16    1    0
     0    0    3    4    1    0
     0    0    0    0    0    0
balanced_candidates_right
     0    0    0    0    0    0
     0    1   24    9    1    0
     0    1    2    5    0    0
     0    0    0    0    0    0
essential_inliers_left
     0    0    0    0    0    0
     0    0   11   15    0    0
     0    0    2    2    1    0
     0    0    0    0    0    0
essential_inliers_right
     0    0    0    0    0    0
     0    0   18    8    0    0
     0    0    2    3    0    0
     0    0    0    0    0    0
recoverpose_inliers_left
     0    0    0    0    0    0
     0    0   11   15    0    0
     0    0    2    2    1    0
     0    0    0    0    0    0
recoverpose_inliers_right
     0    0    0    0    0    0
     0    0   18    8    0    0
     0    0    2    3    0    0
     0    0    0    0    0    0
joint_optimization_left
     0    0    0    0    0    0
     0    0    9   11    0    0
     0    0    1    2    1    0
     0    0    0    0    0    0
joint_optimization_right
     0    0    0    0    0    0
     0    0   16    4    0    0
     0    0    1    3    0    0
     0    0    0    0    0    0
holdout_left
     0    0    0    0    0    0
     0    0    2    4    0    0
     0    0    1    0    0    0
     0    0    0    0    0    0
holdout_right
     0    0    0    0    0    0
     0    0    2    4    0    0
     0    0    1    0    0    0
     0    0    0    0    0    0
final_rt_inliers_left
     0    0    0    0    0    0
     0    0   11   15    0    0
     0    0    1    2    1    0
     0    0    0    0    0    0
final_rt_inliers_right
     0    0    0    0    0    0
     0    0   18    8    0    0
     0    0    1    3    0    0
     0    0    0    0    0    0

[MATCH_TABLE]
index,left_x,left_y,right_x,right_y,essential_inlier,recoverpose_inlier,optimization_used,holdout,final_rt_inlier,final_epipolar_px
1,748.061096,359.216156,677.678772,361.276764,1,1,0,1,1,0.082562
2,753.920105,392.151947,682.739868,394.151154,1,1,1,0,1,0.198591
3,622.448730,452.391602,542.933167,454.899414,1,1,1,0,1,0.014215
4,622.448730,452.391602,542.933167,454.899414,1,1,1,0,1,0.014215
5,696.016357,459.564972,618.051575,461.241730,1,1,1,0,1,0.795711
6,753.920105,392.151947,682.739868,394.151154,1,1,0,1,1,0.198591
7,667.378479,326.271210,598.728088,328.018433,1,1,1,0,1,0.288659
8,605.750488,341.415955,533.847778,343.334381,1,1,1,0,1,0.176051
9,666.528442,473.898987,587.515442,476.012451,1,1,1,0,1,0.432250
10,612.804321,328.274963,542.667419,329.376587,0,0,0,0,0,0.935656
11,745.229614,430.369385,669.619690,432.622162,1,1,1,0,1,0.094745
12,637.551025,567.543518,573.964050,572.322632,1,1,0,1,0,2.337689
13,696.471252,398.068512,624.162537,400.732574,1,1,1,0,1,0.433669
14,558.752380,420.475861,482.629639,425.868866,0,0,0,0,0,3.015206
15,553.043823,395.003113,477.293823,397.288757,1,1,1,0,1,0.005235
16,537.704346,338.035828,466.377319,339.518890,0,0,0,0,0,0.560637
17,565.318420,360.242096,492.146759,362.290039,1,1,1,0,1,0.099460
18,713.187683,454.932190,635.521667,457.074738,1,1,1,0,1,0.306358
19,734.520996,355.807129,665.033325,357.184448,1,1,0,1,1,0.740197
20,768.478638,561.571045,686.456604,563.785217,1,1,1,0,1,0.523838
21,645.301758,478.551117,569.251160,480.771973,1,1,1,0,1,0.280148
22,568.129028,470.762787,486.460297,471.786346,0,0,0,0,0,1.624008
23,861.502136,590.584106,786.876587,593.469360,1,1,1,0,1,0.414142
24,498.647003,298.937592,432.443817,299.041565,0,0,0,0,0,1.720413
25,732.020813,438.704041,655.001831,440.394043,1,1,1,0,1,0.705901
26,476.962830,289.181885,428.069702,276.140137,0,0,0,0,0,14.506246
27,713.068848,349.209991,643.974854,353.475128,0,0,0,0,0,2.167678
28,611.382629,332.021698,539.741516,334.195862,1,1,0,1,1,0.100834
29,706.656982,457.347229,629.574524,458.988647,1,1,1,0,1,0.801430
30,590.909241,352.722015,518.072266,355.301086,1,1,1,0,1,0.446948
31,835.975220,569.735291,754.123047,571.857788,1,1,1,0,1,0.541169
32,639.787537,612.151123,556.912170,615.378052,1,1,1,0,1,0.137740
33,581.389832,334.965210,510.408234,337.980743,1,1,0,1,1,0.962337
34,563.152771,378.026337,490.224457,381.041748,1,1,1,0,1,0.826334
35,604.583984,429.730896,525.721313,431.838074,1,1,1,0,1,0.342908
36,573.920227,426.812714,406.916016,286.985901,0,0,0,0,0,143.781481
37,725.384888,450.488281,647.670654,452.121185,1,1,1,0,1,0.802631
38,623.719971,451.732849,544.248840,454.973694,1,1,1,0,1,0.720920
39,830.215088,558.915527,750.884155,557.233276,0,0,0,0,0,4.264035
40,451.103302,518.066101,365.803406,517.993347,0,0,0,0,0,3.062949
41,779.968384,539.330078,696.581909,539.862488,0,0,0,0,0,2.176008
42,740.894836,407.892883,667.923096,408.831879,1,1,0,1,1,1.316857
43,923.915955,267.312286,901.892761,270.853577,0,0,0,0,0,2.140129
