=== RT SIFT DIAGNOSTICS ===
This report describes the selected best frame pair only.
Coordinates are undistorted display pixels: frame_B/UI-left -> frame_A/UI-right.

[SELECTED_PAIR]
video=D:\Lightglue\lg_env\HBVCAM_4M2214HD-2-v11\video_20260729_173233.mp4
frame_left_B=1
frame_right_A=0
shared_markers=1
baseline_mm=48.514880
rt_sift_role=validation_only
rt_sift_applied=False
rt_reliable=False

[PIPELINE_COUNTS]
left_keypoint_count=470
right_keypoint_count=384
left_descriptor_count=470
right_descriptor_count=384
knn_pair_count=470
ratio_pass_count=102
mutual_pass_count=98
spatially_balanced_count=42
essential_ransac_inlier_count=24
recoverpose_inlier_count=19
final_rt_sift_point_count=0
final_rt_feature_inlier_count=3
final_rt_feature_outlier_count=39

[FEATURE_QUALITY]
match_count=42
essential_inlier_count=24
inlier_count=19
inlier_ratio=0.4523809523809524
grid_coverage=0.125
hull_coverage=0.020009674382307833
parallax_deg=0.8076628432185287
homography_ratio=0.5714285714285714
planar_degenerate=False
model_epi_px=0.33961869960679636
quality_penalty=0.19996372106634563
quality_ok=False
strong=False
marker_rt_feature_epi_px=1.716904771330523
final_feature_epi_px=0.8940887890808364
final_feature_inlier_p90_px=1.211232616589787
final_feature_all_p90_px=28.29782935717382
final_feature_holdout_median_px=None
marker_bidir_rms_px=0.1624283058654609
marker_left_to_right_rms_px=0.18374274110030478
marker_right_to_left_rms_px=0.13785686122059285
marker_bidir_max_px=0.1851786484387843
marker_pnp_self_reproj_px=0.16078242659568787
joint_solution_role=marker_only
feature_rot_agreement_deg=10.049237585273008
pair_score=0.6592685183968804
combined_score=0.47897670999282316
sharpness_min=75.9363612444654
marker_coverage=0.00026485963884265347

[ACTIVE_THRESHOLDS]
sift_max_keypoints=800
sift_contrast_threshold=0.01
match_ratio=0.75
ransac_threshold_px=0.75
min_matches=11
min_inlier_ratio=0.28
min_grid_coverage=0.16666666666666666
min_hull_coverage=0.02
min_parallax_deg=1.0
strong_inliers=40
strong_grid_coverage=0.25

final_feature_inlier_px=1.5
final_feature_p90_max_px=1.25
marker_bidir_rms_max_px=1.5
marker_bidir_point_max_px=2.0

[FINAL_RT_LEFT_TO_RIGHT]
R0=0.99806717124 -0.00762247269327 -0.061675113324
R1=0.00615124472602 0.99969281089 -0.0240092907748
R2=0.0618391775642 0.0235835062115 0.997807463568
t_mm=-47.5234777192 8.86548210855 4.07625671254

[GRID_COUNTS_6x4]
raw_keypoints_left
    23  165  170    0    0    0
    15   68   29    0    0    0
     0    0    0    0    0    0
     0    0    0    0    0    0
raw_keypoints_right
     7  256   13    0    0    0
    15   88    5    0    0    0
     0    0    0    0    0    0
     0    0    0    0    0    0
balanced_candidates_left
     0    0    0    0    0    0
     0    0    2   17   11    0
     0    1    4    0    7    0
     0    0    0    0    0    0
balanced_candidates_right
     0    0    0    0    0    0
     0    1    4   24    0    0
     0    4    0    8    1    0
     0    0    0    0    0    0
essential_inliers_left
     0    0    0    0    0    0
     0    0    0   13    7    0
     0    1    0    0    3    0
     0    0    0    0    0    0
essential_inliers_right
     0    0    0    0    0    0
     0    0    1   18    0    0
     0    0    0    4    1    0
     0    0    0    0    0    0
recoverpose_inliers_left
     0    0    0    0    0    0
     0    0    0    9    7    0
     0    0    0    0    3    0
     0    0    0    0    0    0
recoverpose_inliers_right
     0    0    0    0    0    0
     0    0    1   14    0    0
     0    0    0    4    0    0
     0    0    0    0    0    0
joint_optimization_left
     0    0    0    0    0    0
     0    0    0    0    0    0
     0    0    0    0    0    0
     0    0    0    0    0    0
joint_optimization_right
     0    0    0    0    0    0
     0    0    0    0    0    0
     0    0    0    0    0    0
     0    0    0    0    0    0
holdout_left
     0    0    0    0    0    0
     0    0    0    0    0    0
     0    0    0    0    0    0
     0    0    0    0    0    0
holdout_right
     0    0    0    0    0    0
     0    0    0    0    0    0
     0    0    0    0    0    0
     0    0    0    0    0    0
final_rt_inliers_left
     0    0    0    0    0    0
     0    0    0    3    0    0
     0    0    0    0    0    0
     0    0    0    0    0    0
final_rt_inliers_right
     0    0    0    0    0    0
     0    0    0    3    0    0
     0    0    0    0    0    0
     0    0    0    0    0    0

[MATCH_TABLE]
index,left_x,left_y,right_x,right_y,essential_inlier,recoverpose_inlier,optimization_used,holdout,final_rt_inlier,final_epipolar_px
1,1386.362183,595.722839,1195.916016,599.790222,1,1,0,0,0,4.983637
2,1362.739502,293.107452,1184.171875,295.993103,1,1,0,0,0,3.300258
3,534.751221,770.931030,1310.305298,668.159912,1,0,0,0,0,45.299231
4,1399.255005,595.441101,1206.988770,600.062012,1,1,0,0,0,5.395104
5,1230.541016,389.728180,1037.660156,393.798279,1,0,0,0,0,2.044112
6,1225.548950,275.988220,1041.385132,281.614929,0,0,0,0,0,0.449827
7,1233.161621,412.874268,1039.855957,416.378571,1,1,0,0,0,2.259445
8,804.826965,791.843506,570.112854,803.341980,0,0,0,0,0,2.250657
9,1278.020752,343.867920,1090.198120,347.826385,1,1,0,0,0,2.333624
10,1305.575073,388.007843,1118.702637,391.798004,1,1,0,0,0,1.551439
11,819.234863,772.788513,584.468384,782.166748,0,0,0,0,0,0.111894
12,1201.018677,498.937073,1006.635803,500.980560,0,0,0,0,0,2.105285
13,1395.904785,530.489746,1207.712524,533.279724,1,1,0,0,0,1.694569
14,1404.340820,495.239441,1218.798706,499.571289,0,0,0,0,0,2.500735
15,1255.453979,448.431885,1061.646484,452.748047,1,1,0,0,1,0.826323
16,1305.575073,388.007843,1118.702637,391.798004,1,1,0,0,0,1.551439
17,658.256775,379.609650,483.995270,406.276978,0,0,0,0,0,31.074857
18,1242.275757,417.650452,1049.410400,421.980804,1,1,0,0,1,1.290519
19,1315.255371,360.480774,1127.702759,364.889191,1,1,0,0,0,1.723784
20,1302.239746,378.601898,1115.156006,383.001251,0,0,0,0,0,1.184687
21,1196.968384,474.828339,1003.966431,478.960724,0,0,0,0,0,0.292335
22,1268.764771,293.054230,1081.818359,299.362061,1,0,0,0,0,0.621718
23,1315.403809,693.013184,1155.479858,675.908020,0,0,0,0,0,8.725825
24,1251.634399,431.227753,1058.087891,435.813751,1,1,0,0,1,0.894089
25,1315.255371,360.480774,1127.702759,364.889191,1,1,0,0,0,1.723784
26,1266.030029,449.172363,1074.004395,452.461945,1,1,0,0,0,1.508531
27,1261.943359,354.156281,1073.293335,357.821320,1,1,0,0,0,2.479899
28,947.515381,334.316254,746.819214,304.492645,0,0,0,0,0,33.893601
29,1330.040039,409.517090,1142.721069,415.872925,0,0,0,0,0,1.387070
30,1203.774536,311.550629,1013.770447,315.785767,1,0,0,0,0,2.283371
31,1236.114136,425.048920,1042.402222,428.978699,1,1,0,0,0,1.677010
32,1191.644287,406.012238,997.240417,408.909210,1,0,0,0,0,3.016764
33,788.201355,790.244934,561.104370,807.422241,0,0,0,0,0,8.805487
34,1290.424561,538.752625,1094.625244,543.308716,1,1,0,0,0,1.601369
35,1288.398193,549.821045,1091.227905,554.962463,1,1,0,0,0,2.277091
36,1136.383423,413.534668,940.998047,407.481842,1,1,0,0,0,11.638388
37,1377.022461,289.532196,955.689758,284.420044,0,0,0,0,0,59.000308
38,1316.761108,564.643555,1121.882446,567.680725,0,0,0,0,0,1.283069
39,859.045288,759.868530,636.688293,766.186951,0,0,0,0,0,0.590862
40,1374.360840,545.930908,1184.044434,551.366089,0,0,0,0,0,4.355383
41,1296.147705,549.554626,1077.487061,548.895386,0,0,0,0,0,7.188250
42,973.776184,500.000702,768.654053,536.476990,0,0,0,0,0,30.148878
