=== RT SIFT DIAGNOSTICS ===
This report describes the selected best frame pair only.
Coordinates are undistorted display pixels: frame_B/UI-left -> frame_A/UI-right.

[SELECTED_PAIR]
video=D:\Lightglue\lg_env\HBVCAM_4M2214HD-2-v11\video_20260729_173013.mp4
frame_left_B=1
frame_right_A=0
shared_markers=1
baseline_mm=56.052709
rt_sift_role=final_rt
rt_sift_applied=True
rt_reliable=True

[PIPELINE_COUNTS]
left_keypoint_count=487
right_keypoint_count=492
left_descriptor_count=487
right_descriptor_count=492
knn_pair_count=487
ratio_pass_count=77
mutual_pass_count=74
spatially_balanced_count=51
essential_ransac_inlier_count=30
recoverpose_inlier_count=30
final_rt_sift_point_count=24
final_rt_feature_inlier_count=28
final_rt_feature_outlier_count=23

[FEATURE_QUALITY]
match_count=51
essential_inlier_count=30
inlier_count=30
inlier_ratio=0.5882352941176471
grid_coverage=0.16666666666666666
hull_coverage=0.036110929417075645
parallax_deg=1.366052644740903
homography_ratio=0.5490196078431373
planar_degenerate=False
model_epi_px=0.2960412173971162
quality_penalty=0.09791734801929967
quality_ok=True
strong=False
marker_rt_feature_epi_px=2.247906101500247
final_feature_epi_px=0.5477811188554562
final_feature_inlier_p90_px=1.019771394069432
final_feature_all_p90_px=5.217651936520004
final_feature_holdout_median_px=0.3861652637042995
marker_bidir_rms_px=0.27380339522235014
marker_left_to_right_rms_px=0.2866741085694975
marker_right_to_left_rms_px=0.2602970494386306
marker_bidir_max_px=0.4002279140621547
marker_pnp_self_reproj_px=0.1092703714966774
joint_solution_role=joint_from_marker_w12
feature_rot_agreement_deg=14.610856296534447
pair_score=0.6447027426028775
combined_score=0.48415140974696613
sharpness_min=72.44929850826928
marker_coverage=0.0004290660974292234

[ACTIVE_THRESHOLDS]
sift_max_keypoints=800
sift_contrast_threshold=0.01
match_ratio=0.75
ransac_threshold_px=0.75
min_matches=11
min_inlier_ratio=0.28
min_grid_coverage=0.16666666666666666
min_hull_coverage=0.02
min_parallax_deg=1.0
strong_inliers=40
strong_grid_coverage=0.25

final_feature_inlier_px=1.5
final_feature_p90_max_px=1.25
marker_bidir_rms_max_px=1.5
marker_bidir_point_max_px=2.0

[FINAL_RT_LEFT_TO_RIGHT]
R0=0.999543826733 -0.000417625329118 -0.0301987421631
R1=0.000127268561755 0.999953755701 -0.00961614591494
R2=0.0302013615896 0.00960791593576 0.99949765668
t_mm=-55.9387826517 3.43629709256 -0.974986151302

[GRID_COUNTS_6x4]
raw_keypoints_left
    29   53  137    0    0    0
    22  121  125    0    0    0
     0    0    0    0    0    0
     0    0    0    0    0    0
raw_keypoints_right
     0  193   16    0    0    0
     1  279    3    0    0    0
     0    0    0    0    0    0
     0    0    0    0    0    0
balanced_candidates_left
     0    0    0    0    0    0
     0    0    1    3   22    0
     0    2    1    5   17    0
     0    0    0    0    0    0
balanced_candidates_right
     0    0    0    0    0    0
     0    0    1   24    0    0
     0    0    2   24    0    0
     0    0    0    0    0    0
essential_inliers_left
     0    0    0    0    0    0
     0    0    1    0   16    0
     0    0    0    2   11    0
     0    0    0    0    0    0
essential_inliers_right
     0    0    0    0    0    0
     0    0    1   15    0    0
     0    0    1   13    0    0
     0    0    0    0    0    0
recoverpose_inliers_left
     0    0    0    0    0    0
     0    0    1    0   16    0
     0    0    0    2   11    0
     0    0    0    0    0    0
recoverpose_inliers_right
     0    0    0    0    0    0
     0    0    1   15    0    0
     0    0    1   13    0    0
     0    0    0    0    0    0
joint_optimization_left
     0    0    0    0    0    0
     0    0    1    0   15    0
     0    0    0    1    7    0
     0    0    0    0    0    0
joint_optimization_right
     0    0    0    0    0    0
     0    0    1   14    0    0
     0    0    1    8    0    0
     0    0    0    0    0    0
holdout_left
     0    0    0    0    0    0
     0    0    0    0    1    0
     0    0    0    1    4    0
     0    0    0    0    0    0
holdout_right
     0    0    0    0    0    0
     0    0    0    1    0    0
     0    0    0    5    0    0
     0    0    0    0    0    0
final_rt_inliers_left
     0    0    0    0    0    0
     0    0    0    0   16    0
     0    0    0    2   10    0
     0    0    0    0    0    0
final_rt_inliers_right
     0    0    0    0    0    0
     0    0    0   15    0    0
     0    0    1   12    0    0
     0    0    0    0    0    0

[MATCH_TABLE]
index,left_x,left_y,right_x,right_y,essential_inlier,recoverpose_inlier,optimization_used,holdout,final_rt_inlier,final_epipolar_px
1,490.383301,724.857605,1079.865601,749.560913,0,0,0,0,0,68.550416
2,1255.414062,443.576080,1017.249878,448.820435,0,0,0,0,0,0.707025
3,1256.861572,454.060181,1024.273193,457.603821,0,0,0,0,0,0.643080
4,1323.493286,483.205505,1085.781860,487.174469,1,1,0,1,1,0.358212
5,1337.589233,556.474731,1100.965332,560.905396,0,0,0,0,0,0.562899
6,1433.292236,534.167175,1201.831787,537.998535,1,1,1,0,1,0.590765
7,1228.247070,499.833466,986.047852,505.584473,0,0,0,0,0,0.942482
8,1363.517334,539.401855,1129.091797,542.957458,1,1,1,0,1,0.152544
9,1398.256226,463.132446,1168.294800,467.589539,1,1,1,0,1,0.678707
10,1339.561890,529.957275,1105.073730,532.331848,1,1,1,0,1,1.495213
11,1351.185181,493.438354,1117.988159,498.398071,0,0,0,0,0,1.029164
12,1351.185181,493.438354,1117.988159,498.398071,0,0,0,0,0,1.029164
13,1352.785278,529.898865,1119.090820,534.388000,0,0,0,0,0,0.725067
14,1302.640503,556.588867,1061.573853,559.778503,1,1,0,1,1,1.132467
15,1291.804321,621.943726,1042.930664,626.576538,1,1,1,0,1,0.061546
16,1311.406738,486.235931,1072.292969,489.993195,1,1,1,0,1,0.675629
17,1313.872437,522.006104,1071.423706,527.484314,1,1,1,0,1,0.972467
18,1289.482544,553.708862,1046.391357,554.986023,0,0,0,0,0,3.247679
19,1313.125000,464.661285,1076.681519,468.720795,1,1,1,0,1,0.269189
20,1270.452759,606.948486,1022.745667,611.658325,1,1,0,1,1,0.001861
21,1436.206055,545.065552,1204.214233,548.312500,1,1,1,0,1,0.081237
22,1344.207031,472.455627,1110.661499,476.529205,1,1,1,0,1,0.009463
23,1426.520752,492.279297,1196.913330,496.595398,1,1,1,0,1,0.827865
24,1341.188477,462.097717,1108.304688,465.069000,1,1,1,0,1,1.098835
25,1424.604492,562.750427,1189.620972,566.423157,1,1,0,1,1,0.414118
26,1357.716309,432.482025,1125.350464,437.001160,1,1,1,0,1,0.389320
27,1321.351807,535.216675,1083.937134,535.308411,0,0,0,0,0,4.012476
28,1336.346436,506.912598,1099.704468,509.172058,0,0,0,0,0,1.869553
29,1362.868042,466.270050,1129.533081,475.525696,0,0,0,0,0,5.217652
30,1422.009277,498.703674,1192.532715,502.988831,1,1,1,0,1,0.838798
31,1362.635376,444.110443,1130.870605,447.665527,1,1,1,0,1,0.487220
32,1318.666504,471.169891,1081.018433,475.038849,1,1,1,0,1,0.504797
33,1291.804321,621.943726,1042.930664,626.576538,1,1,0,1,1,0.061546
34,1410.533569,582.115723,1174.990845,586.017944,1,1,1,0,1,0.697307
35,1289.474243,636.784851,1030.511597,636.401611,0,0,0,0,0,5.552243
36,1341.212158,549.117371,1105.506348,552.038696,1,1,1,0,1,0.913725
37,1404.278687,443.940186,1175.881836,448.708954,1,1,1,0,1,0.985887
38,1256.506348,632.534058,1005.439636,638.857361,0,0,0,0,0,1.407077
39,1355.541626,639.846680,1110.593140,644.423828,1,1,1,0,1,0.859952
40,1420.255493,583.568848,1184.883789,587.387634,1,1,0,1,1,0.698457
41,1152.054321,673.287903,890.505615,679.497620,1,1,1,0,1,0.092252
42,1282.549316,608.796692,1035.427124,614.818176,0,0,0,0,0,1.435314
43,1384.667725,662.845642,1140.901001,666.125610,1,1,1,0,1,0.084290
44,1288.898560,596.838623,1042.784180,597.362671,0,0,0,0,0,4.015365
45,1377.057739,633.497864,1132.336792,639.190674,0,0,0,0,0,2.110712
46,1215.139771,583.800232,964.505981,588.937439,0,0,0,0,0,0.160232
47,1280.631714,557.345642,1033.419556,560.649963,1,1,1,0,0,1.510396
48,770.605957,755.898865,990.488708,543.153259,0,0,0,0,0,190.009416
49,502.461060,724.251404,1004.819397,723.144470,0,0,0,0,0,37.177106
50,1172.103638,713.275146,927.113770,720.104248,0,0,0,0,0,1.891420
51,956.792297,533.881653,702.768860,495.905823,1,1,1,0,0,44.079036
