=== RT SIFT DIAGNOSTICS ===
This report describes the selected best frame pair only.
Coordinates are undistorted display pixels: frame_B/UI-left -> frame_A/UI-right.

[SELECTED_PAIR]
video=D:\Lightglue\lg_env\HBVCAM_4M2214HD-2-v11\video_20260729_175251.mp4
frame_left_B=1
frame_right_A=0
shared_markers=1
baseline_mm=61.308546
rt_sift_role=validation_only
rt_sift_applied=False
rt_reliable=False

[PIPELINE_COUNTS]
left_keypoint_count=454
right_keypoint_count=488
left_descriptor_count=454
right_descriptor_count=488
knn_pair_count=454
ratio_pass_count=93
mutual_pass_count=92
spatially_balanced_count=43
essential_ransac_inlier_count=30
recoverpose_inlier_count=30
final_rt_sift_point_count=0
final_rt_feature_inlier_count=4
final_rt_feature_outlier_count=39

[FEATURE_QUALITY]
match_count=43
essential_inlier_count=30
inlier_count=30
inlier_ratio=0.6976744186046512
grid_coverage=0.08333333333333333
hull_coverage=0.01652690457868933
parallax_deg=1.6096833541939266
homography_ratio=0.5813953488372093
planar_degenerate=False
model_epi_px=0.3310757719608818
quality_penalty=0.2546907744965817
quality_ok=False
strong=False
marker_rt_feature_epi_px=3.9293031667865344
final_feature_epi_px=1.3868744795340846
final_feature_inlier_p90_px=1.4420089615699614
final_feature_all_p90_px=26.603009393936425
final_feature_holdout_median_px=None
marker_bidir_rms_px=0.11548153049547223
marker_left_to_right_rms_px=0.03364358130799229
marker_right_to_left_rms_px=0.15981263156561148
marker_bidir_max_px=0.16518294942782408
marker_pnp_self_reproj_px=0.09693729877471924
joint_solution_role=marker_only
feature_rot_agreement_deg=15.406231613027304
pair_score=0.6683250722139129
combined_score=0.6099603014523148
sharpness_min=70.06726028319098
marker_coverage=0.00040616464189233625

[ACTIVE_THRESHOLDS]
sift_max_keypoints=800
sift_contrast_threshold=0.01
match_ratio=0.75
ransac_threshold_px=0.75
min_matches=11
min_inlier_ratio=0.28
min_grid_coverage=0.16666666666666666
min_hull_coverage=0.02
min_parallax_deg=1.0
strong_inliers=40
strong_grid_coverage=0.25

final_feature_inlier_px=1.5
final_feature_p90_max_px=1.25
marker_bidir_rms_max_px=1.5
marker_bidir_point_max_px=2.0

[FINAL_RT_LEFT_TO_RIGHT]
R0=0.999834866052 0.0177739522323 -0.00378513528014
R1=-0.0176877388512 0.999607892444 0.0217072627856
R2=0.00416947495184 -0.0216367276953 0.999757204272
t_mm=-61.1475891915 -4.03089702523 -1.86064147953

[GRID_COUNTS_6x4]
raw_keypoints_left
    24   73  203    0    0    0
    18   52   84    0    0    0
     0    0    0    0    0    0
     0    0    0    0    0    0
raw_keypoints_right
     3  308   26    0    0    0
     1  143    7    0    0    0
     0    0    0    0    0    0
     0    0    0    0    0    0
balanced_candidates_left
     0    0    0    0    0    0
     0    0    2    4   21    0
     0    0    0    1   15    0
     0    0    0    0    0    0
balanced_candidates_right
     0    0    0    0    0    0
     0    1    1   24    0    0
     0    0    1   16    0    0
     0    0    0    0    0    0
essential_inliers_left
     0    0    0    0    0    0
     0    0    0    2   18    0
     0    0    0    0   10    0
     0    0    0    0    0    0
essential_inliers_right
     0    0    0    0    0    0
     0    0    0   20    0    0
     0    0    0   10    0    0
     0    0    0    0    0    0
recoverpose_inliers_left
     0    0    0    0    0    0
     0    0    0    2   18    0
     0    0    0    0   10    0
     0    0    0    0    0    0
recoverpose_inliers_right
     0    0    0    0    0    0
     0    0    0   20    0    0
     0    0    0   10    0    0
     0    0    0    0    0    0
joint_optimization_left
     0    0    0    0    0    0
     0    0    0    0    0    0
     0    0    0    0    0    0
     0    0    0    0    0    0
joint_optimization_right
     0    0    0    0    0    0
     0    0    0    0    0    0
     0    0    0    0    0    0
     0    0    0    0    0    0
holdout_left
     0    0    0    0    0    0
     0    0    0    0    0    0
     0    0    0    0    0    0
     0    0    0    0    0    0
holdout_right
     0    0    0    0    0    0
     0    0    0    0    0    0
     0    0    0    0    0    0
     0    0    0    0    0    0
final_rt_inliers_left
     0    0    0    0    0    0
     0    0    0    2    0    0
     0    0    0    0    2    0
     0    0    0    0    0    0
final_rt_inliers_right
     0    0    0    0    0    0
     0    0    0    2    0    0
     0    0    0    2    0    0
     0    0    0    0    0    0

[MATCH_TABLE]
index,left_x,left_y,right_x,right_y,essential_inlier,recoverpose_inlier,optimization_used,holdout,final_rt_inlier,final_epipolar_px
1,1413.649048,679.845398,1188.217041,683.641235,1,1,0,0,1,1.380650
2,1336.784912,673.418762,1103.184082,677.214844,0,0,0,0,0,0.453277
3,1435.361694,689.776917,1218.913940,693.916138,1,1,0,0,1,1.462970
4,1286.410034,395.374969,1059.469971,400.226868,1,1,0,0,0,3.439908
5,1380.301758,410.911652,1162.889771,415.353851,1,1,0,0,0,4.017219
6,1273.463257,273.505096,1054.193604,277.473572,0,0,0,0,0,2.000747
7,1403.462769,411.175110,1186.516113,416.292938,1,1,0,0,0,5.072080
8,1233.695312,402.005157,1005.956665,405.730377,1,1,0,0,1,1.393099
9,1354.269653,348.706207,1136.724487,353.724304,1,1,0,0,0,4.331118
10,1365.176025,399.491425,1148.172119,404.237823,1,1,0,0,0,4.072806
11,1380.301758,410.911652,1162.889771,415.353851,1,1,0,0,0,4.017219
12,1282.762451,424.712067,1054.537354,428.880646,0,0,0,0,0,2.616156
13,1232.023315,481.014435,1000.174194,483.132507,0,0,0,0,0,0.564786
14,1309.852905,460.463226,1080.941528,465.752228,1,1,0,0,0,4.009744
15,1362.531128,350.987122,1145.081543,355.545319,1,1,0,0,0,4.007571
16,1320.817749,727.782654,484.686890,340.396759,0,0,0,0,0,352.691805
17,1405.387451,726.713928,1072.444458,738.053772,0,0,0,0,0,13.501252
18,1314.011353,401.618958,1091.551514,405.862122,1,1,0,0,0,3.005738
19,1300.945190,398.128723,1074.551514,403.810547,1,1,0,0,0,4.476608
20,1297.874146,449.578491,1068.129761,456.447754,1,1,0,0,0,5.498589
21,1417.720703,548.607605,1197.449707,553.208618,1,1,0,0,0,3.927948
22,1411.589600,418.670319,1194.893677,422.661591,1,1,0,0,0,4.045841
23,1379.510864,399.148804,1162.230713,403.947418,1,1,0,0,0,4.399725
24,1300.945190,398.128723,1074.551514,403.810547,1,1,0,0,0,4.476608
25,1234.070923,420.306641,1007.927002,423.073792,1,1,0,0,1,0.237104
26,1311.562012,360.264740,1088.750366,364.697266,1,1,0,0,0,3.325913
27,1294.132446,429.557251,1066.456787,433.584991,0,0,0,0,0,2.615496
28,1371.595825,354.261505,1155.205444,358.962616,1,1,0,0,0,4.232157
29,1410.328857,469.266510,1191.219849,473.529633,1,1,0,0,0,4.138414
30,1373.701050,364.514648,1156.109497,368.903564,1,1,0,0,0,4.018178
31,1415.807861,622.244507,1200.929810,609.908997,0,0,0,0,0,14.182021
32,1251.741699,607.450073,1003.753113,603.627869,0,0,0,0,0,6.751925
33,1422.999268,585.911499,1200.563965,589.808899,1,1,0,0,0,2.991748
34,1418.977417,731.651184,1264.903564,706.056641,0,0,0,0,0,32.444555
35,1399.101318,606.473206,1173.158813,610.310425,1,1,0,0,0,2.391617
36,1413.888428,582.107422,1187.521484,586.052246,1,1,0,0,0,3.149283
37,944.174500,388.724640,683.187744,356.935791,0,0,0,0,0,36.885277
38,1333.803223,553.386230,1102.823120,558.789185,1,1,0,0,0,3.732041
39,1427.642456,609.948669,1206.155884,613.956909,1,1,0,0,0,2.795856
40,930.412537,499.284851,737.971619,548.547668,0,0,0,0,0,37.981157
41,1422.999268,585.911499,1200.563965,589.808899,1,1,0,0,0,2.991748
42,1314.675171,516.519836,1092.729736,548.590454,0,0,0,0,0,29.708257
43,1403.860718,604.016052,1180.706421,608.700989,1,1,0,0,0,3.195975
