=== RT SIFT DIAGNOSTICS ===
This report describes the selected best frame pair only.
Coordinates are undistorted display pixels: frame_B/UI-left -> frame_A/UI-right.

[SELECTED_PAIR]
video=D:\Lightglue\lg_env\SU01\video_20260729_144421.mp4
frame_left_B=1
frame_right_A=0
shared_markers=1
baseline_mm=21.230508
rt_sift_role=final_rt
rt_sift_applied=True
rt_reliable=True

[PIPELINE_COUNTS]
left_keypoint_count=461
right_keypoint_count=495
left_descriptor_count=461
right_descriptor_count=495
knn_pair_count=461
ratio_pass_count=121
mutual_pass_count=117
spatially_balanced_count=58
essential_ransac_inlier_count=40
recoverpose_inlier_count=40
final_rt_sift_point_count=32
final_rt_feature_inlier_count=40
final_rt_feature_outlier_count=18

[FEATURE_QUALITY]
match_count=58
essential_inlier_count=40
inlier_count=40
inlier_ratio=0.6896551724137931
grid_coverage=0.16666666666666666
hull_coverage=0.06605864166831096
parallax_deg=9.319185783940966
homography_ratio=0.6379310344827587
planar_degenerate=False
model_epi_px=0.4293629438412522
quality_penalty=0.08333333333333334
quality_ok=True
strong=False
marker_rt_feature_epi_px=5.123765698668085
final_feature_epi_px=0.4126422613889227
final_feature_inlier_p90_px=1.009840083461676
final_feature_all_p90_px=4.584277922706512
final_feature_holdout_median_px=0.5222980824618422
marker_bidir_rms_px=0.218553399612282
marker_left_to_right_rms_px=0.22092762737046348
marker_right_to_left_rms_px=0.2161530948856141
marker_bidir_max_px=0.399905078509845
marker_pnp_self_reproj_px=0.05179520696401596
joint_solution_role=joint_from_marker_w4
feature_rot_agreement_deg=5.268727002025468
pair_score=0.6860545725807349
combined_score=0.43425949118179175
sharpness_min=55.49123301678279
marker_coverage=0.001013954830250441

[ACTIVE_THRESHOLDS]
sift_max_keypoints=800
sift_contrast_threshold=0.01
match_ratio=0.75
ransac_threshold_px=0.75
min_matches=11
min_inlier_ratio=0.28
min_grid_coverage=0.16666666666666666
min_hull_coverage=0.02
min_parallax_deg=1.0
strong_inliers=40
strong_grid_coverage=0.25

final_feature_inlier_px=1.5
final_feature_p90_max_px=1.25
marker_bidir_rms_max_px=1.5
marker_bidir_point_max_px=2.0

[FINAL_RT_LEFT_TO_RIGHT]
R0=0.999971304279 -0.00104160482441 0.00750371090923
R1=0.00100298498901 0.999986242408 0.00514869073052
R2=-0.00750897057734 -0.00514101687573 0.999958591796
t_mm=-21.2272389766 -0.11642110371 -0.353908731881

[GRID_COUNTS_6x4]
raw_keypoints_left
    13  260  112    0    0    0
    10   45   21    0    0    0
     0    0    0    0    0    0
     0    0    0    0    0    0
raw_keypoints_right
     6  377   43    0    0    0
     5   49   15    0    0    0
     0    0    0    0    0    0
     0    0    0    0    0    0
balanced_candidates_left
     0    0    0    1    0    0
     0    2    5   24   19    0
     0    1    1    3    2    0
     0    0    0    0    0    0
balanced_candidates_right
     0    0    0    0    0    0
     0    0   20   24    7    0
     0    1    2    3    1    0
     0    0    0    0    0    0
essential_inliers_left
     0    0    0    0    0    0
     0    0    3   21   14    0
     0    0    0    2    0    0
     0    0    0    0    0    0
essential_inliers_right
     0    0    0    0    0    0
     0    0   14   19    5    0
     0    0    1    1    0    0
     0    0    0    0    0    0
recoverpose_inliers_left
     0    0    0    0    0    0
     0    0    3   21   14    0
     0    0    0    2    0    0
     0    0    0    0    0    0
recoverpose_inliers_right
     0    0    0    0    0    0
     0    0   14   19    5    0
     0    0    1    1    0    0
     0    0    0    0    0    0
joint_optimization_left
     0    0    0    0    0    0
     0    0    3   16   11    0
     0    0    0    2    0    0
     0    0    0    0    0    0
joint_optimization_right
     0    0    0    0    0    0
     0    0   11   15    4    0
     0    0    1    1    0    0
     0    0    0    0    0    0
holdout_left
     0    0    0    0    0    0
     0    0    0    5    3    0
     0    0    0    0    0    0
     0    0    0    0    0    0
holdout_right
     0    0    0    0    0    0
     0    0    3    4    1    0
     0    0    0    0    0    0
     0    0    0    0    0    0
final_rt_inliers_left
     0    0    0    0    0    0
     0    0    3   21   14    0
     0    0    0    2    0    0
     0    0    0    0    0    0
final_rt_inliers_right
     0    0    0    0    0    0
     0    0   14   19    5    0
     0    0    1    1    0    0
     0    0    0    0    0    0

[MATCH_TABLE]
index,left_x,left_y,right_x,right_y,essential_inlier,recoverpose_inlier,optimization_used,holdout,final_rt_inlier,final_epipolar_px
1,879.167114,430.274353,800.794556,432.024536,1,1,0,1,1,0.348275
2,893.123413,566.689270,809.415344,568.085022,0,0,0,0,0,1.438057
3,767.176941,312.674164,693.277832,314.410126,1,1,1,0,1,0.297220
4,789.951782,323.480621,718.125305,325.040527,1,1,1,0,1,0.458668
5,680.737793,340.202515,606.533081,341.655975,1,1,1,0,1,0.712095
6,583.257324,288.090271,512.717102,291.792664,1,1,1,0,1,1.194613
7,881.046875,368.582581,806.265137,370.874542,1,1,0,1,1,0.369407
8,804.002930,343.638733,731.775330,345.501190,1,1,1,0,1,0.142490
9,876.546204,386.000916,800.997742,388.131989,1,1,1,0,1,0.161340
10,868.754700,422.837036,790.877136,424.853516,1,1,1,0,1,0.060198
11,858.839600,323.698212,786.135498,325.879303,1,1,1,0,1,0.298171
12,667.225403,507.191620,584.258118,510.434906,0,0,0,0,0,1.033004
13,770.597473,322.835358,696.958923,324.752075,1,1,0,1,1,0.113749
14,946.777039,514.970886,869.118286,515.512939,0,0,0,0,0,2.048846
15,876.806885,410.555664,800.146973,412.726562,1,1,1,0,1,0.130455
16,850.383728,353.298340,776.457581,356.548981,0,0,0,0,0,1.315869
17,887.477112,424.259399,809.942932,425.894867,1,1,1,0,1,0.444247
18,887.477112,424.259399,809.942932,425.894867,1,1,1,0,1,0.444247
19,692.148621,403.966522,614.529053,406.910187,1,1,1,0,1,0.836132
20,806.221069,335.658020,734.500488,338.594238,1,1,0,1,1,0.935632
21,776.639648,341.141205,702.054321,343.716858,1,1,1,0,1,0.559502
22,832.968384,446.126831,751.981018,447.724701,1,1,1,0,1,0.540463
23,815.856750,321.049805,741.535767,322.957581,1,1,1,0,1,0.030346
24,874.699768,332.844086,802.350464,335.302734,1,1,1,0,1,0.583068
25,668.706665,450.540802,588.116028,451.575684,1,1,0,1,1,1.090669
26,897.165283,367.603302,821.987427,368.026642,0,0,0,0,0,1.470628
27,686.073730,445.416321,605.222595,446.529999,1,1,1,0,1,1.006080
28,925.267029,455.551025,845.222229,459.422852,0,0,0,0,0,1.661394
29,696.590881,472.354034,614.901184,473.618652,1,1,1,0,1,0.899135
30,794.389709,255.970825,791.093994,261.696167,0,0,0,0,0,2.679352
31,929.408081,483.264923,849.707703,487.626404,0,0,0,0,0,1.988612
32,740.207397,335.957550,668.917603,337.127045,1,1,1,0,1,0.941718
33,792.678955,394.137939,718.648193,396.114014,1,1,1,0,1,0.094227
34,663.156250,335.218475,588.071899,336.781982,1,1,0,1,1,0.623668
35,405.466797,265.979279,430.055481,329.545349,0,0,0,0,0,59.421676
36,698.251404,610.645081,622.617249,612.256287,1,1,1,0,1,1.043678
37,705.941589,326.719421,632.426697,328.657837,1,1,1,0,1,0.206237
38,624.793579,483.748383,543.545593,486.139893,1,1,1,0,1,0.251627
39,762.833374,712.224670,437.783142,268.307678,0,0,0,0,0,444.957755
40,710.264893,424.004120,630.392578,427.454559,0,0,0,0,0,1.350577
41,936.288208,318.971649,868.789124,323.997223,0,0,0,0,0,3.227432
42,649.739380,435.237488,570.014771,437.426422,1,1,1,0,1,0.071271
43,699.686951,330.797241,627.232666,332.541443,1,1,0,1,1,0.420928
44,435.648499,277.870239,437.783142,268.307678,0,0,0,0,0,13.535034
45,776.640625,604.004333,693.461426,606.784851,1,1,1,0,1,0.031529
46,656.358215,313.534058,583.287842,316.287018,1,1,1,0,1,0.496502
47,686.235474,322.420929,613.679321,324.212036,1,1,1,0,1,0.404356
48,402.548187,740.051086,392.868103,721.858582,0,0,0,0,0,20.068702
49,933.468933,430.761993,855.751038,433.368469,1,1,1,0,1,0.506529
50,953.419128,315.511902,882.430298,316.104492,1,1,0,1,1,1.111453
51,613.935974,427.341278,531.798218,429.257416,1,1,1,0,1,0.180256
52,943.216248,479.567627,863.567261,481.720581,1,1,1,0,1,0.200458
53,627.788452,333.314758,555.017090,334.214874,0,0,0,0,0,1.374725
54,955.320801,436.572205,878.442566,442.448364,0,0,0,0,0,3.732550
55,937.602783,359.096008,865.260864,361.071350,1,1,1,0,1,0.123999
56,948.774536,421.948456,873.002563,424.293030,1,1,1,0,1,0.274492
57,343.381653,276.487274,713.152466,542.728210,0,0,0,0,0,259.539005
58,589.179443,736.689209,476.583099,746.209839,0,0,0,0,0,6.571644
