=== RT SIFT DIAGNOSTICS ===
This report describes the selected best frame pair only.
Coordinates are undistorted display pixels: frame_B/UI-left -> frame_A/UI-right.

[SELECTED_PAIR]
video=D:\Lightglue\lg_env\SU01\video_20260729_153549.mp4
frame_left_B=1
frame_right_A=0
shared_markers=1
baseline_mm=22.298619
rt_sift_role=final_rt
rt_sift_applied=True
rt_reliable=True

[PIPELINE_COUNTS]
left_keypoint_count=304
right_keypoint_count=278
left_descriptor_count=304
right_descriptor_count=278
knn_pair_count=304
ratio_pass_count=60
mutual_pass_count=56
spatially_balanced_count=53
essential_ransac_inlier_count=41
recoverpose_inlier_count=40
final_rt_sift_point_count=32
final_rt_feature_inlier_count=40
final_rt_feature_outlier_count=13

[FEATURE_QUALITY]
match_count=53
essential_inlier_count=41
inlier_count=40
inlier_ratio=0.7547169811320755
grid_coverage=0.16666666666666666
hull_coverage=0.043857252307775596
parallax_deg=9.19299550040076
homography_ratio=0.6037735849056604
planar_degenerate=False
model_epi_px=0.3514876734559716
quality_penalty=0.08333333333333334
quality_ok=True
strong=False
marker_rt_feature_epi_px=2.3118060270346206
final_feature_epi_px=0.3160236941945965
final_feature_inlier_p90_px=0.7476957282589053
final_feature_all_p90_px=6.639133192319587
final_feature_holdout_median_px=0.3274662726484999
marker_bidir_rms_px=0.22013482002043314
marker_left_to_right_rms_px=0.28820203155314905
marker_right_to_left_rms_px=0.11772114075005671
marker_bidir_max_px=0.41398007811891024
marker_pnp_self_reproj_px=0.06547561287879944
joint_solution_role=joint_from_marker_w1
feature_rot_agreement_deg=4.579964181247761
pair_score=0.7354297569158481
combined_score=0.37650617665398456
sharpness_min=51.92572724810801
marker_coverage=0.0010153109590419263

[ACTIVE_THRESHOLDS]
sift_max_keypoints=800
sift_contrast_threshold=0.01
match_ratio=0.75
ransac_threshold_px=0.75
min_matches=11
min_inlier_ratio=0.28
min_grid_coverage=0.16666666666666666
min_hull_coverage=0.02
min_parallax_deg=1.0
strong_inliers=40
strong_grid_coverage=0.25

final_feature_inlier_px=1.5
final_feature_p90_max_px=1.25
marker_bidir_rms_max_px=1.5
marker_bidir_point_max_px=2.0

[FINAL_RT_LEFT_TO_RIGHT]
R0=0.999855532435 -0.00218971437508 0.0168558420027
R1=0.0021419626378 0.999993643356 0.00285048128539
R2=-0.0168619765959 -0.00281396489951 0.999853866996
t_mm=-22.2944279819 0.176189678904 -0.394747890717

[GRID_COUNTS_6x4]
raw_keypoints_left
     7  188   27    0    0    0
     4   58   20    0    0    0
     0    0    0    0    0    0
     0    0    0    0    0    0
raw_keypoints_right
    11  182   11    0    0    0
    15   56    3    0    0    0
     0    0    0    0    0    0
     0    0    0    0    0    0
balanced_candidates_left
     0    0    0    0    0    0
     0    1   16   24    1    0
     0    0    3    6    2    0
     0    0    0    0    0    0
balanced_candidates_right
     0    0    0    0    0    0
     0    1   24   15    2    0
     0    1    3    6    1    0
     0    0    0    0    0    0
essential_inliers_left
     0    0    0    0    0    0
     0    0   12   23    1    0
     0    0    0    4    1    0
     0    0    0    0    0    0
essential_inliers_right
     0    0    0    0    0    0
     0    0   21   14    1    0
     0    0    0    5    0    0
     0    0    0    0    0    0
recoverpose_inliers_left
     0    0    0    0    0    0
     0    0   11   23    1    0
     0    0    0    4    1    0
     0    0    0    0    0    0
recoverpose_inliers_right
     0    0    0    0    0    0
     0    0   21   13    1    0
     0    0    0    5    0    0
     0    0    0    0    0    0
joint_optimization_left
     0    0    0    0    0    0
     0    0    8   18    1    0
     0    0    0    4    1    0
     0    0    0    0    0    0
joint_optimization_right
     0    0    0    0    0    0
     0    0   16   10    1    0
     0    0    0    5    0    0
     0    0    0    0    0    0
holdout_left
     0    0    0    0    0    0
     0    0    3    5    0    0
     0    0    0    0    0    0
     0    0    0    0    0    0
holdout_right
     0    0    0    0    0    0
     0    0    5    3    0    0
     0    0    0    0    0    0
     0    0    0    0    0    0
final_rt_inliers_left
     0    0    0    0    0    0
     0    0   11   23    1    0
     0    0    0    4    1    0
     0    0    0    0    0    0
final_rt_inliers_right
     0    0    0    0    0    0
     0    0   21   13    1    0
     0    0    0    5    0    0
     0    0    0    0    0    0

[MATCH_TABLE]
index,left_x,left_y,right_x,right_y,essential_inlier,recoverpose_inlier,optimization_used,holdout,final_rt_inlier,final_epipolar_px
1,798.662842,374.496979,716.729858,376.541412,1,1,0,1,1,0.270429
2,637.705994,471.052673,553.939880,473.616913,1,1,1,0,1,0.398938
3,673.164734,310.615662,598.556213,312.468109,1,1,1,0,1,0.168072
4,614.590332,352.705200,537.448425,354.658539,1,1,1,0,1,0.260441
5,815.403809,549.839783,726.191162,553.044495,1,1,1,0,1,0.206037
6,332.595123,490.860199,393.090515,461.271973,0,0,0,0,0,30.321963
7,758.538696,444.931824,673.840271,446.978271,1,1,0,1,1,0.132457
8,787.684814,404.879303,703.729248,406.917786,1,1,1,0,1,0.076745
9,770.175049,337.217804,689.997314,339.478760,1,1,1,0,1,0.576432
10,946.539612,438.991943,860.219360,440.909088,1,1,1,0,1,0.249307
11,592.039917,459.689209,509.000885,461.589478,1,1,1,0,1,0.223965
12,717.040649,465.207031,630.648132,467.733734,1,1,0,1,1,0.275868
13,828.188782,574.216980,745.799683,577.558716,1,1,1,0,1,0.161570
14,645.295715,328.832123,566.681274,331.223755,1,1,1,0,1,0.253152
15,652.152161,312.209869,577.723694,314.610229,1,1,1,0,1,0.285849
16,755.927246,320.359161,677.725403,322.116394,1,1,1,0,1,0.079742
17,603.562866,372.449036,524.836548,374.055542,1,1,0,1,1,0.609899
18,616.604797,335.582764,540.344666,337.456421,1,1,1,0,1,0.360042
19,764.227783,462.524048,676.646667,465.541962,1,1,1,0,1,0.727755
20,785.431763,337.723694,705.836487,339.482452,1,1,1,0,1,0.129821
21,520.792908,256.836639,928.430481,266.750763,0,0,0,0,0,6.819987
22,638.191772,486.536621,551.083130,488.989746,1,1,1,0,1,0.249292
23,606.572021,354.651917,529.485229,356.392212,1,1,0,1,1,0.494585
24,775.028870,420.690826,689.634460,422.095764,1,1,1,0,1,0.655818
25,700.975159,485.858063,615.306091,488.727081,1,1,1,0,1,0.576224
26,681.863586,317.858948,606.140198,319.940674,1,1,1,0,1,0.097090
27,784.468750,356.036255,706.166077,357.164673,1,1,1,0,1,0.578424
28,617.504883,465.420258,534.050781,467.758087,1,1,0,1,1,0.195528
29,589.262634,427.807739,508.355652,429.823517,1,1,1,0,1,0.137993
30,661.666992,464.600494,576.360107,466.672394,1,1,1,0,1,0.120674
31,577.272400,430.675507,497.969452,433.498138,1,1,1,0,1,0.679337
32,844.508667,543.929260,756.767212,546.233276,1,1,1,0,1,0.739389
33,706.887268,469.988892,620.837952,471.594635,1,1,0,1,1,0.646821
34,770.712463,436.280121,685.430908,438.768860,1,1,1,0,1,0.346198
35,609.014404,363.096771,530.893738,364.790375,1,1,1,0,1,0.522617
36,943.548828,735.135498,903.314880,748.682373,0,0,0,0,0,8.311638
37,605.444031,317.291077,529.764771,320.248810,0,0,0,0,0,0.643979
38,548.610107,290.417297,840.987427,314.022980,1,0,0,0,0,21.446923
39,703.769165,460.243286,619.506836,461.628265,1,1,1,0,1,0.822454
40,806.610779,351.025085,725.713989,352.100525,1,1,1,0,1,0.547627
41,796.150513,348.199249,714.929932,352.612213,0,0,0,0,0,2.761653
42,732.044739,320.710815,651.615356,322.114868,1,1,0,1,1,0.379065
43,521.203369,764.154053,381.644409,678.485168,0,0,0,0,0,88.086246
44,535.157654,712.341919,529.345520,706.808228,0,0,0,0,0,5.915718
45,761.734375,359.044464,685.080811,361.835693,1,1,1,0,1,1.008567
46,598.905701,306.448059,529.502991,306.842743,0,0,0,0,0,1.970403
47,502.860046,589.623840,429.371460,591.365295,0,0,0,0,0,0.245995
48,567.331116,442.022247,485.178467,446.262329,0,0,0,0,0,2.102904
49,666.373901,456.365265,579.996216,457.643280,1,1,1,0,1,0.912391
50,797.811584,553.859680,709.881531,557.831360,1,1,1,0,1,1.024470
51,705.704773,533.786621,619.736694,539.032043,0,0,0,0,0,2.770652
52,848.702942,693.462952,799.621338,707.003418,0,0,0,0,0,9.577025
53,859.852661,537.524597,771.686523,540.484619,1,1,1,0,1,0.089055
