=== RT SIFT DIAGNOSTICS ===
This report describes the selected best frame pair only.
Coordinates are undistorted display pixels: frame_B/UI-left -> frame_A/UI-right.

[SELECTED_PAIR]
video=D:\Lightglue\lg_env\SU01\video_20260729_145443.mp4
frame_left_B=1
frame_right_A=0
shared_markers=1
baseline_mm=24.743387
rt_sift_role=validation_only
rt_sift_applied=False
rt_reliable=False

[PIPELINE_COUNTS]
left_keypoint_count=588
right_keypoint_count=590
left_descriptor_count=588
right_descriptor_count=590
knn_pair_count=588
ratio_pass_count=100
mutual_pass_count=98
spatially_balanced_count=79
essential_ransac_inlier_count=56
recoverpose_inlier_count=20
final_rt_sift_point_count=0
final_rt_feature_inlier_count=1
final_rt_feature_outlier_count=78

[FEATURE_QUALITY]
match_count=79
essential_inlier_count=56
inlier_count=20
inlier_ratio=0.25316455696202533
grid_coverage=0.16666666666666666
hull_coverage=0.020002991290235174
parallax_deg=0.8211542091332855
homography_ratio=0.620253164556962
planar_degenerate=False
model_epi_px=0.4093519766538539
quality_penalty=0.2551575590329261
quality_ok=False
strong=False
marker_rt_feature_epi_px=2.9560672396518926
final_feature_epi_px=0.652990177856634
final_feature_inlier_p90_px=0.652990177856634
final_feature_all_p90_px=5.724352157166045
final_feature_holdout_median_px=None
marker_bidir_rms_px=0.24507545545601103
marker_left_to_right_rms_px=0.27483223964588155
marker_right_to_left_rms_px=0.2111662799434873
marker_bidir_max_px=0.2820745359821165
marker_pnp_self_reproj_px=0.24294650554656982
joint_solution_role=marker_only
feature_rot_agreement_deg=10.466508771218733
pair_score=0.9003903991672366
combined_score=0.5723523405001586
sharpness_min=61.67971749003978
marker_coverage=0.0003855606512431109

[ACTIVE_THRESHOLDS]
sift_max_keypoints=800
sift_contrast_threshold=0.01
match_ratio=0.75
ransac_threshold_px=0.75
min_matches=11
min_inlier_ratio=0.28
min_grid_coverage=0.16666666666666666
min_hull_coverage=0.02
min_parallax_deg=1.0
strong_inliers=40
strong_grid_coverage=0.25

final_feature_inlier_px=1.5
final_feature_p90_max_px=1.25
marker_bidir_rms_max_px=1.5
marker_bidir_point_max_px=2.0

[FINAL_RT_LEFT_TO_RIGHT]
R0=0.999851370355 0.00361382482992 0.0168575641778
R1=-0.00383515287655 0.999906633228 0.0131155034053
R2=-0.0168085931096 -0.0131782053884 0.99977187703
t_mm=-24.674668121 -1.8334510819 -0.185501987826

[GRID_COUNTS_6x4]
raw_keypoints_left
    10  134   74    0    0    0
     1  301   68    0    0    0
     0    0    0    0    0    0
     0    0    0    0    0    0
raw_keypoints_right
    11  157   28    0    0    0
     1  370   23    0    0    0
     0    0    0    0    0    0
     0    0    0    0    0    0
balanced_candidates_left
     0    0    0    0    0    0
     0    1    0   22   15    0
     0    0    6   24   11    0
     0    0    0    0    0    0
balanced_candidates_right
     0    0    0    0    0    0
     0    0    6   24    6    0
     0    0   19   23    1    0
     0    0    0    0    0    0
essential_inliers_left
     0    0    0    0    0    0
     0    0    0   20    9    0
     0    0    3   16    8    0
     0    0    0    0    0    0
essential_inliers_right
     0    0    0    0    0    0
     0    0    3   20    4    0
     0    0   11   17    1    0
     0    0    0    0    0    0
recoverpose_inliers_left
     0    0    0    0    0    0
     0    0    0    9    8    0
     0    0    1    0    2    0
     0    0    0    0    0    0
recoverpose_inliers_right
     0    0    0    0    0    0
     0    0    0   13    4    0
     0    0    1    1    1    0
     0    0    0    0    0    0
joint_optimization_left
     0    0    0    0    0    0
     0    0    0    0    0    0
     0    0    0    0    0    0
     0    0    0    0    0    0
joint_optimization_right
     0    0    0    0    0    0
     0    0    0    0    0    0
     0    0    0    0    0    0
     0    0    0    0    0    0
holdout_left
     0    0    0    0    0    0
     0    0    0    0    0    0
     0    0    0    0    0    0
     0    0    0    0    0    0
holdout_right
     0    0    0    0    0    0
     0    0    0    0    0    0
     0    0    0    0    0    0
     0    0    0    0    0    0
final_rt_inliers_left
     0    0    0    0    0    0
     0    0    0    1    0    0
     0    0    0    0    0    0
     0    0    0    0    0    0
final_rt_inliers_right
     0    0    0    0    0    0
     0    0    0    1    0    0
     0    0    0    0    0    0
     0    0    0    0    0    0

[MATCH_TABLE]
index,left_x,left_y,right_x,right_y,essential_inlier,recoverpose_inlier,optimization_used,holdout,final_rt_inlier,final_epipolar_px
1,862.031250,471.342926,785.586731,473.641144,1,1,0,0,0,3.195417
2,950.090088,408.578369,441.101257,587.899475,0,0,0,0,0,215.819656
3,740.958557,472.227509,661.227661,474.858307,1,0,0,0,0,3.069627
4,859.160522,256.124176,731.614929,354.852509,0,0,0,0,0,103.644868
5,887.859375,478.632629,809.249451,481.835907,1,1,0,0,0,4.404102
6,864.728577,454.165375,788.755371,455.495453,0,0,0,0,0,2.282561
7,895.097229,512.096558,814.618469,514.281555,1,1,0,0,0,3.366207
8,890.293701,514.439453,809.599121,516.193848,1,0,0,0,0,2.913810
9,331.857361,362.999329,554.105591,441.819092,0,0,0,0,0,50.250978
10,675.235718,537.828430,590.554565,542.097412,1,0,0,0,0,4.748961
11,646.920410,555.908508,561.889343,557.264771,0,0,0,0,0,1.770243
12,781.208984,485.517670,704.335815,487.506348,1,0,0,0,0,2.392705
13,896.655518,500.245880,817.218262,502.364288,1,1,0,0,0,3.309382
14,685.806946,536.080872,602.224854,539.560669,1,0,0,0,0,3.908539
15,781.208984,485.517670,704.335815,487.506348,1,0,0,0,0,2.392705
16,882.076111,510.241913,801.900574,512.627197,1,0,0,0,0,3.484796
17,860.048523,544.096497,779.448486,545.967529,1,0,0,0,0,2.649815
18,775.865479,473.506195,701.131714,473.932159,1,1,0,0,1,0.652990
19,658.454956,549.907288,573.522644,552.032349,0,0,0,0,0,2.566424
20,738.071228,515.709961,658.389404,518.329590,1,0,0,0,0,2.968597
21,829.993896,421.431152,755.302368,423.607910,1,1,0,0,0,2.834967
22,766.369202,629.320862,699.827698,621.580872,0,0,0,0,0,8.982143
23,831.383972,441.720581,755.911133,443.446564,1,1,0,0,0,2.432253
24,941.268921,507.237427,862.904907,511.004150,0,0,0,0,0,5.052727
25,682.421326,519.020142,601.034241,520.689148,1,0,0,0,0,1.936713
26,869.718201,522.615662,789.725769,526.093445,1,0,0,0,0,4.402192
27,843.806335,587.124878,757.940979,590.133301,0,0,0,0,0,3.777045
28,796.863159,420.870361,721.892639,422.595551,1,1,0,0,0,2.151152
29,668.637573,548.579285,583.561707,552.085449,1,0,0,0,0,3.982680
30,862.139038,523.064453,782.363953,526.478577,1,0,0,0,0,4.281821
31,760.247131,440.219482,683.395447,442.013367,1,0,0,0,0,2.117786
32,825.526917,509.278687,747.622742,510.098450,0,0,0,0,0,1.456687
33,823.220886,483.213257,747.660095,485.480743,1,1,0,0,0,2.803745
34,716.845947,503.000122,636.989075,506.747040,0,0,0,0,0,4.038664
35,739.500122,455.094208,663.127136,456.724731,1,0,0,0,0,1.784029
36,800.571472,476.853912,725.729736,479.481415,1,1,0,0,0,2.990086
37,847.143860,504.014038,769.922852,505.291962,1,1,0,0,0,1.993884
38,591.468323,653.950195,496.288666,650.787048,0,0,0,0,0,2.240112
39,800.571472,476.853912,725.729736,479.481415,1,1,0,0,0,2.990086
40,717.101318,595.113281,629.887939,598.211243,1,0,0,0,0,3.666641
41,676.302979,504.278473,595.581543,506.037689,1,0,0,0,0,1.954307
42,811.969360,430.594879,736.751038,432.305969,1,1,0,0,0,2.269218
43,676.627441,496.326080,595.327148,498.554504,1,0,0,0,0,2.470810
44,730.996277,532.920654,650.598389,535.645447,1,0,0,0,0,3.054360
45,767.175110,440.320587,691.060120,441.757904,1,0,0,0,0,1.747644
46,921.373230,367.246826,857.216248,372.277466,0,0,0,0,0,5.661759
47,738.071228,515.709961,658.389404,518.329590,1,0,0,0,0,2.968597
48,859.885559,572.390869,774.210022,575.720337,0,0,0,0,0,4.266270
49,890.828247,503.299011,811.759094,506.000885,1,1,0,0,0,3.803312
50,956.699219,479.176666,880.912842,481.359375,1,1,0,0,0,3.600452
51,881.194763,329.927399,823.122803,339.973450,0,0,0,0,0,9.691279
52,757.288574,510.459015,678.414795,513.262085,1,0,0,0,0,3.181993
53,695.884460,534.309387,613.185242,537.002991,1,0,0,0,0,3.089331
54,777.656128,750.568970,744.043823,722.907227,0,0,0,0,0,32.770705
55,756.559814,528.032471,676.893616,530.312805,1,0,0,0,0,2.664713
56,819.278259,504.137634,741.962646,506.475372,1,0,0,0,0,2.910019
57,865.234924,515.989624,785.118652,518.646606,1,0,0,0,0,3.623142
58,680.191528,523.442383,597.241760,527.784058,0,0,0,0,0,4.715298
59,703.925476,536.555115,621.779541,540.227417,1,0,0,0,0,4.038528
60,820.549194,587.807190,733.091675,589.638245,1,0,0,0,0,2.678253
61,628.939941,572.702515,543.922302,575.972717,0,0,0,0,0,3.608184
62,845.562744,556.229309,759.542603,559.453186,1,0,0,0,0,4.287618
63,562.259460,689.293884,467.016510,691.268738,1,0,0,0,0,2.746534
64,948.229980,470.163544,873.453796,472.935303,1,1,0,0,0,4.110899
65,660.539185,524.860596,573.940613,526.230591,0,0,0,0,0,1.989523
66,626.862427,539.301086,543.672485,541.538696,1,1,0,0,0,2.459399
67,756.559814,528.032471,676.893616,530.312805,1,0,0,0,0,2.664713
68,571.684570,679.041321,481.098419,681.570190,0,0,0,0,0,2.955537
69,828.378113,597.872498,742.609680,600.300964,0,0,0,0,0,3.054706
70,932.508606,673.959778,852.491150,675.995239,0,0,0,0,0,1.296733
71,791.524719,546.362061,711.473389,548.498779,1,0,0,0,0,2.594431
72,640.914978,603.542725,552.154846,606.774353,1,0,0,0,0,3.802206
73,867.765686,565.797058,783.747803,568.232239,1,0,0,0,0,3.330429
74,936.188782,546.470093,857.490295,548.326233,1,1,0,0,0,2.774791
75,953.605225,496.022522,876.574280,498.087097,1,1,0,0,0,3.425944
76,693.700867,490.649231,611.852295,494.210602,1,0,0,0,0,3.922775
77,938.588196,495.243561,860.609680,497.481903,1,1,0,0,0,3.592077
78,619.145935,611.604248,530.760742,617.092285,1,0,0,0,0,5.974726
79,930.895508,617.157227,611.795105,442.585083,0,0,0,0,0,153.017236
