=== RT SIFT DIAGNOSTICS ===
This report describes the selected best frame pair only.
Coordinates are undistorted display pixels: frame_B/UI-left -> frame_A/UI-right.

[SELECTED_PAIR]
video=D:\Lightglue\lg_env\SU01\video_20260729_150302.mp4
frame_left_B=1
frame_right_A=0
shared_markers=1
baseline_mm=26.099770
rt_sift_role=final_rt
rt_sift_applied=True
rt_reliable=True

[PIPELINE_COUNTS]
left_keypoint_count=574
right_keypoint_count=577
left_descriptor_count=574
right_descriptor_count=577
knn_pair_count=574
ratio_pass_count=124
mutual_pass_count=118
spatially_balanced_count=70
essential_ransac_inlier_count=45
recoverpose_inlier_count=44
final_rt_sift_point_count=35
final_rt_feature_inlier_count=44
final_rt_feature_outlier_count=26

[FEATURE_QUALITY]
match_count=70
essential_inlier_count=45
inlier_count=44
inlier_ratio=0.6285714285714286
grid_coverage=0.16666666666666666
hull_coverage=0.05260773144497577
parallax_deg=10.731616428922065
homography_ratio=0.5428571428571428
planar_degenerate=False
model_epi_px=0.519579158204061
quality_penalty=0.08333333333333334
quality_ok=True
strong=False
marker_rt_feature_epi_px=0.743859532408925
final_feature_epi_px=0.4861021207706698
final_feature_inlier_p90_px=0.8318516744883488
final_feature_all_p90_px=5.048426718142861
final_feature_holdout_median_px=0.28685668229749217
marker_bidir_rms_px=0.2227558796032618
marker_left_to_right_rms_px=0.22491253959428478
marker_right_to_left_rms_px=0.22057813429461906
marker_bidir_max_px=0.3659477694088277
marker_pnp_self_reproj_px=0.17636698484420776
joint_solution_role=joint_from_marker_w1
feature_rot_agreement_deg=0.2834524813090047
pair_score=0.7948641987148478
combined_score=0.29914514417089616
sharpness_min=65.85352881923086
marker_coverage=0.00040290593973750787

[ACTIVE_THRESHOLDS]
sift_max_keypoints=800
sift_contrast_threshold=0.01
match_ratio=0.75
ransac_threshold_px=0.75
min_matches=11
min_inlier_ratio=0.28
min_grid_coverage=0.16666666666666666
min_hull_coverage=0.02
min_parallax_deg=1.0
strong_inliers=40
strong_grid_coverage=0.25

final_feature_inlier_px=1.5
final_feature_p90_max_px=1.25
marker_bidir_rms_max_px=1.5
marker_bidir_point_max_px=2.0

[FINAL_RT_LEFT_TO_RIGHT]
R0=0.999660200314 0.000350819982783 0.0260645512881
R1=-0.000465966504675 0.999990159391 0.00441180197701
R2=-0.0260627470487 -0.00442244805594 0.999650526519
t_mm=-26.0961222306 0.0821322370702 -0.428535716978

[GRID_COUNTS_6x4]
raw_keypoints_left
    18  162    5    0    0    0
     2  309   78    0    0    0
     0    0    0    0    0    0
     0    0    0    0    0    0
raw_keypoints_right
    25  190    3    0    0    0
     7  344    8    0    0    0
     0    0    0    0    0    0
     0    0    0    0    0    0
balanced_candidates_left
     0    0    0    0    0    0
     0    2    9   22    1    0
     0    0    8   24    4    0
     0    0    0    0    0    0
balanced_candidates_right
     0    0    0    0    0    0
     0    0   13   18    1    0
     0    1   12   24    1    0
     0    0    0    0    0    0
essential_inliers_left
     0    0    0    0    0    0
     0    0    6   14    0    0
     0    0    3   20    2    0
     0    0    0    0    0    0
essential_inliers_right
     0    0    0    0    0    0
     0    0    9   10    0    0
     0    0    7   19    0    0
     0    0    0    0    0    0
recoverpose_inliers_left
     0    0    0    0    0    0
     0    0    6   14    0    0
     0    0    2   20    2    0
     0    0    0    0    0    0
recoverpose_inliers_right
     0    0    0    0    0    0
     0    0    9   10    0    0
     0    0    6   19    0    0
     0    0    0    0    0    0
joint_optimization_left
     0    0    0    0    0    0
     0    0    5   13    0    0
     0    0    1   15    1    0
     0    0    0    0    0    0
joint_optimization_right
     0    0    0    0    0    0
     0    0    8   10    0    0
     0    0    4   13    0    0
     0    0    0    0    0    0
holdout_left
     0    0    0    0    0    0
     0    0    1    1    0    0
     0    0    1    5    1    0
     0    0    0    0    0    0
holdout_right
     0    0    0    0    0    0
     0    0    1    0    0    0
     0    0    2    6    0    0
     0    0    0    0    0    0
final_rt_inliers_left
     0    0    0    0    0    0
     0    0    6   14    0    0
     0    0    2   20    2    0
     0    0    0    0    0    0
final_rt_inliers_right
     0    0    0    0    0    0
     0    0    9   10    0    0
     0    0    6   19    0    0
     0    0    0    0    0    0

[MATCH_TABLE]
index,left_x,left_y,right_x,right_y,essential_inlier,recoverpose_inlier,optimization_used,holdout,final_rt_inlier,final_epipolar_px
1,902.191956,514.940491,822.091248,515.507446,0,0,0,0,0,2.138487
2,831.224060,542.360596,748.473999,545.223450,1,1,0,1,1,0.168352
3,735.765564,468.285553,656.143860,470.216461,1,1,1,0,1,0.589320
4,729.097351,488.334961,649.360352,490.559784,1,1,1,0,1,0.396722
5,573.759399,361.405823,889.539368,621.764771,0,0,0,0,0,258.528054
6,796.870911,596.397034,710.456848,599.196716,1,1,1,0,1,0.716520
7,779.215698,584.138977,693.671265,586.940247,1,1,1,0,1,0.523629
8,789.085632,525.509216,708.440674,529.103210,1,1,0,1,1,0.768521
9,950.299866,436.001190,889.021973,446.861115,0,0,0,0,0,9.390174
10,917.904846,586.628113,833.772461,590.652832,1,1,1,0,1,0.140978
11,708.632935,463.889038,629.584656,465.715973,1,1,1,0,1,0.753997
12,809.856323,513.367371,728.774414,516.353760,1,1,1,0,1,0.264641
13,646.317505,432.826111,569.592407,434.933868,1,1,1,0,1,0.684695
14,780.785706,618.796448,692.450928,620.835571,0,0,0,0,0,1.625475
15,754.444580,508.201538,676.254211,507.640991,0,0,0,0,0,3.242633
16,917.904846,586.628113,833.772461,590.652832,1,1,0,1,1,0.140978
17,678.701538,597.510498,590.178406,601.270386,1,1,1,0,1,0.732042
18,787.302246,657.278015,703.778564,656.291870,0,0,0,0,0,5.022151
19,780.764099,641.280762,687.622864,645.001282,1,1,1,0,1,0.209521
20,621.335388,719.290833,530.643799,724.627258,0,0,0,0,0,2.348484
21,760.817688,536.487427,681.277344,538.892822,1,1,1,0,1,0.472140
22,656.395142,593.297058,568.208130,596.600037,1,1,1,0,1,0.384140
23,432.448761,534.761230,353.199097,541.568909,0,0,0,0,0,4.242542
24,761.585144,635.045288,671.486877,637.593018,1,1,0,1,1,1.166314
25,709.822144,587.235962,624.475220,590.264343,1,1,1,0,1,0.059279
26,462.635803,742.014954,467.801270,740.201233,1,0,0,0,0,1.891877
27,749.130859,518.710510,669.342651,522.203979,1,1,1,0,1,0.730279
28,758.706360,589.860535,674.646301,593.984070,1,1,1,0,1,0.833783
29,830.213379,559.967957,745.374329,564.497314,1,1,1,0,1,1.286149
30,609.161133,723.218628,517.743713,726.950378,0,0,0,0,0,0.862723
31,730.950378,551.885864,648.887573,555.235046,1,1,0,1,1,0.405393
32,787.302246,657.278015,703.778564,656.291870,0,0,0,0,0,5.022151
33,802.248169,518.195129,720.644592,520.289185,1,1,1,0,1,0.669811
34,611.763855,709.027283,520.574524,711.402344,1,1,1,0,1,0.490453
35,696.253479,592.369324,611.288330,599.129028,0,0,0,0,0,3.695148
36,771.337036,562.142639,688.593506,564.432251,1,1,1,0,1,0.809676
37,735.801086,342.015320,680.793457,350.606567,0,0,0,0,0,6.425787
38,616.890869,409.958801,542.008545,412.746735,1,1,1,0,1,0.208678
39,668.018799,603.688782,578.846924,606.979980,1,1,0,1,1,0.286857
40,803.710266,444.920990,728.992920,445.040131,0,0,0,0,0,2.019080
41,749.130859,518.710510,669.342651,522.203979,1,1,1,0,1,0.730279
42,816.566772,598.388794,728.107544,602.105957,1,1,1,0,1,0.074229
43,512.002380,524.471313,428.241028,528.320435,0,0,0,0,0,1.115028
44,616.890869,409.958801,542.008545,412.746735,1,1,1,0,1,0.208678
45,744.199158,448.233521,667.485535,450.819336,1,1,1,0,1,0.183645
46,575.846008,557.502319,489.651917,560.233765,1,1,0,1,1,0.063826
47,721.295166,464.904968,642.717407,468.468872,1,1,1,0,1,1.015204
48,899.043274,605.557678,813.416748,608.351196,0,0,0,0,0,1.311360
49,631.497437,454.161255,554.273193,455.627594,0,0,0,0,0,1.356707
50,756.031616,456.268188,679.180481,453.367249,0,0,0,0,0,5.284909
51,776.025452,476.570923,696.970764,478.768402,1,1,1,0,1,0.266647
52,738.166260,456.404663,659.659363,457.964020,1,1,1,0,1,0.900115
53,759.172424,412.791901,686.575806,414.133301,1,1,1,0,1,0.827346
54,623.083984,485.941071,543.196350,487.045868,0,0,0,0,0,1.695949
55,397.810760,341.573364,729.003052,312.365509,0,0,0,0,0,35.877943
56,777.962830,504.985809,696.308533,506.428314,0,0,0,0,0,1.221112
57,773.555725,510.035095,692.762268,512.255554,1,1,0,1,1,0.481751
58,618.575989,518.870728,536.597412,518.603821,0,0,0,0,0,3.035219
59,722.208374,443.472107,642.452820,446.522736,1,1,1,0,1,0.574609
60,786.471741,402.674866,718.101013,404.730316,1,1,1,0,1,0.101448
61,418.549164,421.301971,658.067261,326.955566,0,0,0,0,0,99.383956
62,626.906860,438.293335,547.605652,441.595612,1,1,1,0,1,0.430070
63,569.416748,500.034271,487.479279,502.783264,1,1,1,0,1,0.092149
64,633.725586,465.796173,554.515991,468.501984,1,1,0,1,1,0.095691
65,646.311401,456.032654,566.743469,459.488617,1,1,1,0,1,0.683320
66,805.271973,456.525879,728.542603,458.129944,1,1,1,0,1,0.625710
67,700.797974,509.343964,621.364502,510.928833,0,0,0,0,0,1.141722
68,605.348877,506.311401,523.127136,509.655609,1,1,1,0,1,0.552715
69,779.945679,467.973816,695.516541,463.326538,0,0,0,0,0,7.032663
70,666.735535,452.884430,589.950745,454.281128,0,0,0,0,0,1.301384
