=== RT SIFT DIAGNOSTICS ===
This report describes the selected best frame pair only.
Coordinates are undistorted display pixels: frame_B/UI-left -> frame_A/UI-right.

[SELECTED_PAIR]
video=D:\Lightglue\lg_env\SU01\video_20260729_155047.mp4
frame_left_B=1
frame_right_A=0
shared_markers=1
baseline_mm=19.960861
rt_sift_role=final_rt
rt_sift_applied=True
rt_reliable=True

[PIPELINE_COUNTS]
left_keypoint_count=252
right_keypoint_count=218
left_descriptor_count=252
right_descriptor_count=218
knn_pair_count=252
ratio_pass_count=56
mutual_pass_count=50
spatially_balanced_count=43
essential_ransac_inlier_count=28
recoverpose_inlier_count=28
final_rt_sift_point_count=22
final_rt_feature_inlier_count=27
final_rt_feature_outlier_count=16

[FEATURE_QUALITY]
match_count=43
essential_inlier_count=28
inlier_count=28
inlier_ratio=0.6511627906976745
grid_coverage=0.16666666666666666
hull_coverage=0.048624162992985734
parallax_deg=8.438643412743787
homography_ratio=0.5813953488372093
planar_degenerate=False
model_epi_px=0.4109131497007035
quality_penalty=0.08333333333333334
quality_ok=True
strong=False
marker_rt_feature_epi_px=1.0223747091952662
final_feature_epi_px=0.5449745633709939
final_feature_inlier_p90_px=0.9202122620853374
final_feature_all_p90_px=54.052381000903765
final_feature_holdout_median_px=0.4178244606975782
marker_bidir_rms_px=0.21284118363488055
marker_left_to_right_rms_px=0.24006761347393954
marker_right_to_left_rms_px=0.18157720083512977
marker_bidir_max_px=0.3293190276838987
marker_pnp_self_reproj_px=0.0673384889960289
joint_solution_role=joint_from_marker_w12
feature_rot_agreement_deg=1.426380755058115
pair_score=0.8280985586080207
combined_score=0.30380242907953414
sharpness_min=45.22329907200998
marker_coverage=0.0008631322514716544

[ACTIVE_THRESHOLDS]
sift_max_keypoints=800
sift_contrast_threshold=0.01
match_ratio=0.75
ransac_threshold_px=0.75
min_matches=11
min_inlier_ratio=0.28
min_grid_coverage=0.16666666666666666
min_hull_coverage=0.02
min_parallax_deg=1.0
strong_inliers=40
strong_grid_coverage=0.25

final_feature_inlier_px=1.5
final_feature_p90_max_px=1.25
marker_bidir_rms_max_px=1.5
marker_bidir_point_max_px=2.0

[FINAL_RT_LEFT_TO_RIGHT]
R0=0.999978724713 0.00448496131039 -0.00473658567105
R1=-0.00447806904081 0.999988900688 0.00146471789662
R2=0.0047431023013 -0.00144347597667 0.999987709603
t_mm=-19.9513457013 0.536498344855 -0.303227011279

[GRID_COUNTS_6x4]
raw_keypoints_left
    20  107   38    0    0    0
    10   49   28    0    0    0
     0    0    0    0    0    0
     0    0    0    0    0    0
raw_keypoints_right
    19  118   17    0    0    0
     4   50   10    0    0    0
     0    0    0    0    0    0
     0    0    0    0    0    0
balanced_candidates_left
     0    0    0    0    0    0
     0    0    2   24    6    0
     0    2    4    3    2    0
     0    0    0    0    0    0
balanced_candidates_right
     0    0    0    0    0    0
     0    2    7   24    1    0
     0    0    4    5    0    0
     0    0    0    0    0    0
essential_inliers_left
     0    0    0    0    0    0
     0    0    0   20    4    0
     0    0    2    2    0    0
     0    0    0    0    0    0
essential_inliers_right
     0    0    0    0    0    0
     0    0    5   19    0    0
     0    0    2    2    0    0
     0    0    0    0    0    0
recoverpose_inliers_left
     0    0    0    0    0    0
     0    0    0   20    4    0
     0    0    2    2    0    0
     0    0    0    0    0    0
recoverpose_inliers_right
     0    0    0    0    0    0
     0    0    5   19    0    0
     0    0    2    2    0    0
     0    0    0    0    0    0
joint_optimization_left
     0    0    0    0    0    0
     0    0    0   15    3    0
     0    0    2    2    0    0
     0    0    0    0    0    0
joint_optimization_right
     0    0    0    0    0    0
     0    0    4   14    0    0
     0    0    2    2    0    0
     0    0    0    0    0    0
holdout_left
     0    0    0    0    0    0
     0    0    0    5    1    0
     0    0    0    0    0    0
     0    0    0    0    0    0
holdout_right
     0    0    0    0    0    0
     0    0    1    5    0    0
     0    0    0    0    0    0
     0    0    0    0    0    0
final_rt_inliers_left
     0    0    0    0    0    0
     0    0    0   20    4    0
     0    0    2    1    0    0
     0    0    0    0    0    0
final_rt_inliers_right
     0    0    0    0    0    0
     0    0    5   19    0    0
     0    0    2    1    0    0
     0    0    0    0    0    0

[MATCH_TABLE]
index,left_x,left_y,right_x,right_y,essential_inlier,recoverpose_inlier,optimization_used,holdout,final_rt_inlier,final_epipolar_px
1,700.284424,467.423737,628.660095,469.826080,1,1,0,1,1,0.444432
2,352.137085,550.714050,358.887268,483.606903,0,0,0,0,0,69.398179
3,789.896240,493.687592,711.256470,496.131012,1,1,1,0,1,0.236417
4,776.636963,356.144623,709.272278,357.957611,1,1,1,0,1,0.451356
5,859.074768,389.510681,785.742737,391.719177,1,1,1,0,1,0.079605
6,706.339661,399.258667,638.253113,401.380676,1,1,1,0,1,0.471982
7,719.417175,486.363647,644.879517,489.576141,1,1,0,1,1,0.327729
8,337.307739,512.143005,749.970581,314.392151,0,0,0,0,0,188.744092
9,863.656250,372.563141,791.628296,376.109680,0,0,0,0,0,1.471326
10,833.702576,463.535217,754.551880,465.019348,1,1,1,0,1,0.961441
11,733.590576,375.042847,666.182068,376.759979,1,1,1,0,1,0.721093
12,849.592285,463.429108,771.376160,465.128510,1,1,1,0,1,0.646013
13,747.879944,368.099274,679.062073,370.362061,1,1,1,0,1,0.152471
14,597.062683,693.387878,458.945526,766.875427,0,0,0,0,0,66.650918
15,871.547119,407.633728,797.685303,409.339691,1,1,0,1,1,0.391217
16,828.684204,650.283142,754.794861,654.429626,1,1,1,0,0,1.552655
17,855.418640,659.637146,779.529785,660.962891,0,0,0,0,0,1.178631
18,461.086609,368.470367,408.378235,369.128601,0,0,0,0,0,2.364885
19,676.153320,445.136292,607.658997,447.693146,1,1,1,0,1,0.260155
20,717.375427,499.454987,642.026917,502.016388,1,1,1,0,1,0.385549
21,606.463257,564.499268,539.658386,571.610901,0,0,0,0,0,3.658233
22,790.338257,343.679993,722.985413,346.024078,1,1,1,0,1,0.134209
23,879.705200,425.146973,803.948730,428.429932,0,0,0,0,0,1.162389
24,758.234070,354.850677,691.569580,357.101532,1,1,0,1,1,0.059769
25,684.587463,410.147125,617.623840,412.179291,1,1,1,0,1,0.636400
26,723.093994,369.682495,657.102539,372.662048,1,1,1,0,1,0.544975
27,866.060913,437.508881,789.664429,440.124390,1,1,1,0,1,0.413490
28,684.587463,410.147125,617.623840,412.179291,1,1,1,0,1,0.636400
29,848.547668,373.138184,777.182495,373.921326,1,1,0,1,1,1.330194
30,741.725281,632.769836,673.341675,632.381348,0,0,0,0,0,3.294189
31,571.714111,746.627441,525.745911,750.927490,1,1,1,0,1,0.665427
32,712.460327,392.359619,644.821106,393.917999,1,1,1,0,1,0.988598
33,571.714111,746.627441,525.745911,750.927490,1,1,1,0,1,0.665427
34,712.469727,527.426941,641.153748,531.235291,1,1,1,0,1,0.892726
35,716.935120,355.098053,647.677917,358.602356,0,0,0,0,0,0.981482
36,908.183655,569.222717,814.956299,569.724121,0,0,0,0,0,2.121515
37,688.177368,325.773468,938.878540,388.476837,0,0,0,0,0,68.255562
38,785.457886,508.283508,709.178284,510.327667,1,1,0,1,1,0.610381
39,776.622009,425.005676,705.060852,428.013519,1,1,1,0,1,0.567940
40,661.407410,470.833984,591.898987,475.877075,0,0,0,0,0,2.067358
41,663.574646,389.924957,596.659851,395.334747,0,0,0,0,0,2.694115
42,854.449707,486.579437,775.690979,488.366302,1,1,1,0,1,0.573078
43,623.911377,315.767029,815.458435,410.746216,0,0,0,0,0,98.795992
