=== RT SIFT DIAGNOSTICS ===
This report describes the selected best frame pair only.
Coordinates are undistorted display pixels: frame_B/UI-left -> frame_A/UI-right.

[SELECTED_PAIR]
video=D:\Lightglue\lg_env\SU01\video_20260729_151647.mp4
frame_left_B=1
frame_right_A=0
shared_markers=1
baseline_mm=20.597568
rt_sift_role=final_rt
rt_sift_applied=True
rt_reliable=True

[PIPELINE_COUNTS]
left_keypoint_count=225
right_keypoint_count=216
left_descriptor_count=225
right_descriptor_count=216
knn_pair_count=225
ratio_pass_count=56
mutual_pass_count=52
spatially_balanced_count=40
essential_ransac_inlier_count=28
recoverpose_inlier_count=28
final_rt_sift_point_count=22
final_rt_feature_inlier_count=26
final_rt_feature_outlier_count=14

[FEATURE_QUALITY]
match_count=40
essential_inlier_count=28
inlier_count=28
inlier_ratio=0.7
grid_coverage=0.16666666666666666
hull_coverage=0.051578781411921425
parallax_deg=5.759760994270371
homography_ratio=0.675
planar_degenerate=False
model_epi_px=0.4711764755867103
quality_penalty=0.08333333333333334
quality_ok=True
strong=False
marker_rt_feature_epi_px=19.87889769058515
final_feature_epi_px=0.4560281922399937
final_feature_inlier_p90_px=0.889292078702441
final_feature_all_p90_px=3.5155039922717743
final_feature_holdout_median_px=0.42728013101423695
marker_bidir_rms_px=0.3430050402279355
marker_left_to_right_rms_px=0.35585899827134193
marker_right_to_left_rms_px=0.3296502519229317
marker_bidir_max_px=0.5078518475711727
marker_pnp_self_reproj_px=0.1923687756061554
joint_solution_role=joint_from_marker_w4
feature_rot_agreement_deg=26.872650465769258
pair_score=0.7607894031301168
combined_score=0.8148895411297329
sharpness_min=49.870682219680745
marker_coverage=0.0009763129639281942

[ACTIVE_THRESHOLDS]
sift_max_keypoints=800
sift_contrast_threshold=0.01
match_ratio=0.75
ransac_threshold_px=0.75
min_matches=11
min_inlier_ratio=0.28
min_grid_coverage=0.16666666666666666
min_hull_coverage=0.02
min_parallax_deg=1.0
strong_inliers=40
strong_grid_coverage=0.25

final_feature_inlier_px=1.5
final_feature_p90_max_px=1.25
marker_bidir_rms_max_px=1.5
marker_bidir_point_max_px=2.0

[FINAL_RT_LEFT_TO_RIGHT]
R0=0.999972666135 -0.00652954305409 0.00346872454033
R1=0.0065316540036 0.999978489962 -0.000597587055016
R2=-0.00346474795752 0.000620227229184 0.999993805401
t_mm=-20.5811482751 0.79926668889 -0.19322098905

[GRID_COUNTS_6x4]
raw_keypoints_left
    14  142   14    0    0    0
    10   42    3    0    0    0
     0    0    0    0    0    0
     0    0    0    0    0    0
raw_keypoints_right
    27  127   15    0    0    0
     9   32    6    0    0    0
     0    0    0    0    0    0
     0    0    0    0    0    0
balanced_candidates_left
     0    0    0    0    0    0
     0    0   19   14    1    0
     0    0    3    3    0    0
     0    0    0    0    0    0
balanced_candidates_right
     0    0    0    0    0    0
     0    5   24    5    0    0
     0    2    3    1    0    0
     0    0    0    0    0    0
essential_inliers_left
     0    0    0    0    0    0
     0    0   18    7    0    0
     0    0    2    1    0    0
     0    0    0    0    0    0
essential_inliers_right
     0    0    0    0    0    0
     0    5   17    3    0    0
     0    1    2    0    0    0
     0    0    0    0    0    0
recoverpose_inliers_left
     0    0    0    0    0    0
     0    0   18    7    0    0
     0    0    2    1    0    0
     0    0    0    0    0    0
recoverpose_inliers_right
     0    0    0    0    0    0
     0    5   17    3    0    0
     0    1    2    0    0    0
     0    0    0    0    0    0
joint_optimization_left
     0    0    0    0    0    0
     0    0   14    5    0    0
     0    0    2    1    0    0
     0    0    0    0    0    0
joint_optimization_right
     0    0    0    0    0    0
     0    4   12    3    0    0
     0    1    2    0    0    0
     0    0    0    0    0    0
holdout_left
     0    0    0    0    0    0
     0    0    4    2    0    0
     0    0    0    0    0    0
     0    0    0    0    0    0
holdout_right
     0    0    0    0    0    0
     0    1    5    0    0    0
     0    0    0    0    0    0
     0    0    0    0    0    0
final_rt_inliers_left
     0    0    0    0    0    0
     0    0   18    6    0    0
     0    0    1    1    0    0
     0    0    0    0    0    0
final_rt_inliers_right
     0    0    0    0    0    0
     0    5   16    3    0    0
     0    0    2    0    0    0
     0    0    0    0    0    0

[MATCH_TABLE]
index,left_x,left_y,right_x,right_y,essential_inlier,recoverpose_inlier,optimization_used,holdout,final_rt_inlier,final_epipolar_px
1,572.181580,481.400238,490.823486,483.682953,1,1,0,1,1,0.016394
2,538.813049,473.750793,457.980927,475.316040,1,1,1,0,1,0.470613
3,654.067566,333.347931,584.637512,335.643951,1,1,1,0,1,0.071597
4,707.066650,272.481934,645.506104,274.904541,1,1,1,0,1,0.279882
5,675.175232,360.317841,605.073730,362.211304,0,0,0,0,0,0.522205
6,804.661011,445.144287,734.526489,448.287354,1,1,1,0,1,0.280510
7,510.598206,390.660492,433.960083,392.849030,1,1,0,1,1,0.534915
8,690.104431,394.264648,616.285767,396.020050,0,0,0,0,0,0.954536
9,672.928955,435.560242,596.047607,437.528198,0,0,0,0,0,0.808084
10,804.661011,445.144287,734.526489,448.287354,1,1,1,0,1,0.280510
11,516.316956,388.178101,440.544769,390.403687,1,1,1,0,1,0.571236
12,563.045898,344.387329,493.530090,346.078552,1,1,1,0,1,0.013917
13,652.739136,573.370117,592.684387,565.683228,0,0,0,0,0,9.674966
14,520.230713,484.297302,437.919342,486.903778,1,1,1,0,1,0.635950
15,658.984436,448.539703,580.499878,450.660156,0,0,0,0,0,0.642276
16,677.810974,588.109863,707.920715,531.569031,0,0,0,0,0,54.621582
17,599.016968,475.564545,518.592102,478.492462,1,1,0,1,1,0.479870
18,619.902771,342.330292,550.696594,344.533447,1,1,1,0,1,0.188777
19,488.500519,427.685516,409.589508,430.113037,1,1,1,0,1,0.822635
20,633.313416,484.952209,551.198120,487.966705,1,1,1,0,1,0.240247
21,692.132874,368.278259,619.564880,371.193481,0,0,0,0,0,0.278026
22,649.009338,469.625061,568.059753,472.616608,1,1,1,0,1,0.169829
23,682.826721,347.258545,613.023254,351.373932,1,1,0,1,0,1.677230
24,545.471497,348.610657,473.700531,349.830963,1,1,1,0,1,0.441443
25,501.650940,405.872772,422.762695,408.135010,1,1,1,0,1,0.571601
26,516.210022,373.107635,441.327423,373.641754,1,1,1,0,1,1.078286
27,800.394470,471.627655,657.168152,508.042480,0,0,0,0,0,29.726835
28,496.682739,463.858643,415.647247,467.084290,1,1,1,0,1,1.475810
29,657.290588,347.613525,586.733582,350.295624,1,1,0,1,1,0.374690
30,598.850586,331.296417,529.159424,332.234375,1,1,1,0,1,0.955949
31,548.822937,351.965881,476.576813,352.988342,1,1,1,0,1,0.680466
32,698.062317,459.858551,621.323364,459.407776,0,0,0,0,0,3.422465
33,510.118164,405.735535,431.914948,409.593231,0,0,0,0,0,2.138311
34,499.720123,444.439240,419.110596,446.845428,1,1,1,0,1,0.654039
35,875.942688,261.450409,839.281250,262.857605,0,0,0,0,0,0.704274
36,589.208801,518.544861,503.533722,520.902588,1,1,1,0,1,0.272285
37,490.582458,638.830566,400.888702,645.239563,0,0,0,0,0,4.352854
38,471.988892,431.813904,391.878754,433.473572,1,1,0,1,1,0.116410
39,691.238953,513.410461,611.260376,515.811707,1,1,1,0,1,0.733573
40,455.718201,637.224121,363.960999,637.258789,1,1,1,0,0,1.824789
