=== RT SIFT DIAGNOSTICS ===
This report describes the selected best frame pair only.
Coordinates are undistorted display pixels: frame_B/UI-left -> frame_A/UI-right.

[SELECTED_PAIR]
video=SU01\video_20260729_152944.mp4
frame_left_B=1
frame_right_A=0
shared_markers=1
baseline_mm=72.086796
rt_sift_role=validation_only
rt_sift_applied=False
rt_reliable=False

[PIPELINE_COUNTS]
left_keypoint_count=197
right_keypoint_count=245
left_descriptor_count=197
right_descriptor_count=245
knn_pair_count=197
ratio_pass_count=59
mutual_pass_count=57
spatially_balanced_count=42
essential_ransac_inlier_count=26
recoverpose_inlier_count=25
final_rt_sift_point_count=0
final_rt_feature_inlier_count=1
final_rt_feature_outlier_count=41

[FEATURE_QUALITY]
match_count=42
essential_inlier_count=26
inlier_count=25
inlier_ratio=0.5952380952380952
grid_coverage=0.125
hull_coverage=0.026583835408247936
parallax_deg=4.73077761670649
homography_ratio=0.5714285714285714
planar_degenerate=False
model_epi_px=0.2928029871701332
quality_penalty=0.17531061721907024
quality_ok=False
strong=False
marker_rt_feature_epi_px=16.288766845977868
final_feature_epi_px=0.7236607283511446
final_feature_inlier_p90_px=0.7236607283511446
final_feature_all_p90_px=61.4705990198006
final_feature_holdout_median_px=None
marker_bidir_rms_px=0.24013130135179558
marker_left_to_right_rms_px=0.051586832876326955
marker_right_to_left_rms_px=0.3356558988780082
marker_bidir_max_px=0.35109103113637996
marker_pnp_self_reproj_px=0.1924242228269577
joint_solution_role=marker_only
feature_rot_agreement_deg=30.757990921177715
pair_score=0.7405849371737401
combined_score=0.864623721298876
sharpness_min=54.315983579158775
marker_coverage=0.0009481966118300988

[ACTIVE_THRESHOLDS]
sift_max_keypoints=800
sift_contrast_threshold=0.01
match_ratio=0.75
ransac_threshold_px=0.75
min_matches=11
min_inlier_ratio=0.28
min_grid_coverage=0.16666666666666666
min_hull_coverage=0.02
min_parallax_deg=1.0
strong_inliers=40
strong_grid_coverage=0.25

final_feature_inlier_px=1.5
final_feature_p90_max_px=1.25
marker_bidir_rms_max_px=1.5
marker_bidir_point_max_px=2.0

[FINAL_RT_LEFT_TO_RIGHT]
R0=0.98425506179 0.0673005417163 0.163439929105
R1=-0.135264219165 0.882018096361 0.451384169755
R2=-0.113778575992 -0.466384728284 0.877234131158
t_mm=-42.1796553263 -52.4254577776 25.8641488625

[GRID_COUNTS_6x4]
raw_keypoints_left
    19  117    8    0    0    0
    12   38    3    0    0    0
     0    0    0    0    0    0
     0    0    0    0    0    0
raw_keypoints_right
    60  106   20    0    0    0
    11   41    7    0    0    0
     0    0    0    0    0    0
     0    0    0    0    0    0
balanced_candidates_left
     0    0    0    0    0    0
     0    3   24    6    1    0
     0    3    2    3    0    0
     0    0    0    0    0    0
balanced_candidates_right
     0    0    0    0    0    0
     0    9   22    1    1    0
     0    3    4    1    1    0
     0    0    0    0    0    0
essential_inliers_left
     0    0    0    0    0    0
     0    1   21    3    0    0
     0    1    0    0    0    0
     0    0    0    0    0    0
essential_inliers_right
     0    0    0    0    0    0
     0    7   17    1    0    0
     0    0    0    0    1    0
     0    0    0    0    0    0
recoverpose_inliers_left
     0    0    0    0    0    0
     0    1   21    3    0    0
     0    0    0    0    0    0
     0    0    0    0    0    0
recoverpose_inliers_right
     0    0    0    0    0    0
     0    7   17    1    0    0
     0    0    0    0    0    0
     0    0    0    0    0    0
joint_optimization_left
     0    0    0    0    0    0
     0    0    0    0    0    0
     0    0    0    0    0    0
     0    0    0    0    0    0
joint_optimization_right
     0    0    0    0    0    0
     0    0    0    0    0    0
     0    0    0    0    0    0
     0    0    0    0    0    0
holdout_left
     0    0    0    0    0    0
     0    0    0    0    0    0
     0    0    0    0    0    0
     0    0    0    0    0    0
holdout_right
     0    0    0    0    0    0
     0    0    0    0    0    0
     0    0    0    0    0    0
     0    0    0    0    0    0
final_rt_inliers_left
     0    0    0    0    0    0
     0    0    1    0    0    0
     0    0    0    0    0    0
     0    0    0    0    0    0
final_rt_inliers_right
     0    0    0    0    0    0
     0    0    1    0    0    0
     0    0    0    0    0    0
     0    0    0    0    0    0

[MATCH_TABLE]
index,left_x,left_y,right_x,right_y,essential_inlier,recoverpose_inlier,optimization_used,holdout,final_rt_inlier,final_epipolar_px
1,464.015289,397.345764,386.518494,399.778839,1,1,0,0,0,19.456481
2,746.666626,501.195190,584.717468,558.315674,0,0,0,0,0,94.648197
3,642.316467,369.776886,570.167725,371.485535,1,1,0,0,0,27.429493
4,522.874451,487.853394,439.993469,490.270874,1,1,0,0,0,13.964461
5,434.631500,379.591766,355.961121,382.068909,1,1,0,0,0,28.401987
6,548.353271,478.820984,467.077637,482.834473,0,0,0,0,0,9.120383
7,625.925781,360.550476,555.510254,362.617462,1,1,0,0,0,28.001367
8,617.878479,463.398499,537.636658,466.092896,0,0,0,0,0,2.567693
9,435.738983,438.839752,354.276978,440.651245,1,1,0,0,0,31.062801
10,493.956635,355.374725,420.581818,357.295258,1,1,0,0,0,3.664581
11,590.916504,340.062347,520.674255,341.904449,1,1,0,0,0,25.633610
12,729.933777,322.847168,451.900696,303.911987,0,0,0,0,0,130.866584
13,548.215576,334.926941,477.692261,336.886047,1,1,0,0,0,16.367619
14,530.102600,496.961029,445.390778,499.109985,1,1,0,0,0,14.427783
15,336.702972,657.728577,957.992249,719.001648,1,0,0,0,0,595.708999
16,657.801880,589.635193,576.854614,593.066040,0,0,0,0,0,0.968338
17,599.172241,582.752563,518.829468,584.933228,0,0,0,0,0,1.680092
18,633.268860,352.772247,562.453430,355.260254,1,1,0,0,0,30.247901
19,625.925781,360.550476,555.510254,362.617462,1,1,0,0,0,28.001367
20,584.610962,488.323212,503.208649,489.588684,1,1,0,0,0,3.266471
21,636.029114,406.892883,559.856995,408.850067,1,1,0,0,0,15.909163
22,653.594666,589.808777,570.537598,594.395447,0,0,0,0,0,3.422838
23,651.297546,458.186279,574.610840,457.804230,1,1,0,0,0,11.607689
24,490.124054,369.952240,415.842316,371.434540,1,1,0,0,0,6.867838
25,639.370544,331.257324,567.104370,331.204742,0,0,0,0,0,36.524931
26,629.613831,430.292694,552.625427,431.841919,1,1,0,0,0,11.198932
27,513.153992,349.710388,440.126251,352.442078,1,1,0,0,0,2.111201
28,544.958069,327.860718,474.498291,329.998352,1,1,0,0,0,16.751962
29,605.631714,429.691071,527.107910,430.792633,1,1,0,0,0,6.792741
30,453.356476,472.462616,369.448792,474.390381,1,1,0,0,0,28.367468
31,591.579163,462.536011,512.379272,464.545715,1,1,0,0,1,0.723661
32,597.640381,457.247528,518.540100,458.647827,1,1,0,0,0,2.336799
33,426.503876,436.965027,345.072174,438.723694,1,1,0,0,0,33.466640
34,757.769958,436.764008,689.552979,437.553253,1,1,0,0,0,29.052177
35,416.903870,424.488708,341.515350,421.897827,0,0,0,0,0,28.171560
36,444.134430,655.999573,334.298157,665.151489,0,0,0,0,0,34.598973
37,939.796631,367.769562,903.031006,384.182007,0,0,0,0,0,62.674268
38,757.769958,436.764008,595.784973,278.066467,0,0,0,0,0,50.637579
39,709.722473,729.972961,752.111572,681.944214,0,0,0,0,0,128.441258
40,400.950104,423.437347,353.390320,362.324463,0,0,0,0,0,23.195751
41,409.467651,650.937195,320.979034,666.634827,0,0,0,0,0,21.232148
42,409.467651,650.937195,320.979034,666.634827,0,0,0,0,0,21.232148
