=== RT SIFT DIAGNOSTICS ===
This report describes the selected best frame pair only.
Coordinates are undistorted display pixels: frame_B/UI-left -> frame_A/UI-right.

[SELECTED_PAIR]
video=D:\Lightglue\lg_env\SU01\video_20260729_153044.mp4
frame_left_B=1
frame_right_A=0
shared_markers=1
baseline_mm=20.745623
rt_sift_role=final_rt
rt_sift_applied=True
rt_reliable=True

[PIPELINE_COUNTS]
left_keypoint_count=255
right_keypoint_count=280
left_descriptor_count=255
right_descriptor_count=280
knn_pair_count=255
ratio_pass_count=69
mutual_pass_count=61
spatially_balanced_count=59
essential_ransac_inlier_count=36
recoverpose_inlier_count=36
final_rt_sift_point_count=28
final_rt_feature_inlier_count=33
final_rt_feature_outlier_count=26

[FEATURE_QUALITY]
match_count=59
essential_inlier_count=36
inlier_count=36
inlier_ratio=0.6101694915254238
grid_coverage=0.16666666666666666
hull_coverage=0.0524266594867953
parallax_deg=11.744394058953317
homography_ratio=0.6271186440677966
planar_degenerate=False
model_epi_px=0.39332527214574253
quality_penalty=0.08333333333333334
quality_ok=True
strong=False
marker_rt_feature_epi_px=1.8577821295411208
final_feature_epi_px=0.3802319608359336
final_feature_inlier_p90_px=1.0725539282774004
final_feature_all_p90_px=89.19272766546717
final_feature_holdout_median_px=0.8362895092619689
marker_bidir_rms_px=0.17890115919769126
marker_left_to_right_rms_px=0.18604102593043323
marker_right_to_left_rms_px=0.17146424173951605
marker_bidir_max_px=0.2740661626237845
marker_pnp_self_reproj_px=0.060964517295360565
joint_solution_role=joint_from_marker_w12
feature_rot_agreement_deg=5.7027131874912085
pair_score=0.7376284814154052
combined_score=0.3689521192698622
sharpness_min=55.89461822481593
marker_coverage=0.0009469522172537381

[ACTIVE_THRESHOLDS]
sift_max_keypoints=800
sift_contrast_threshold=0.01
match_ratio=0.75
ransac_threshold_px=0.75
min_matches=11
min_inlier_ratio=0.28
min_grid_coverage=0.16666666666666666
min_hull_coverage=0.02
min_parallax_deg=1.0
strong_inliers=40
strong_grid_coverage=0.25

final_feature_inlier_px=1.5
final_feature_p90_max_px=1.25
marker_bidir_rms_max_px=1.5
marker_bidir_point_max_px=2.0

[FINAL_RT_LEFT_TO_RIGHT]
R0=0.999998417951 0.00170227470122 0.000516096306118
R1=-0.00169687959198 0.999945721098 -0.0102798569141
R2=-0.000533567433334 0.0102789648976 0.99994702769
t_mm=-20.6557222294 1.91111263221 -0.263933802758

[GRID_COUNTS_6x4]
raw_keypoints_left
     6   91   50    0    0    0
     0   79   29    0    0    0
     0    0    0    0    0    0
     0    0    0    0    0    0
raw_keypoints_right
     4  117   18    0    0    0
     0  115   26    0    0    0
     0    0    0    0    0    0
     0    0    0    0    0    0
balanced_candidates_left
     0    0    0    0    0    0
     0    0    2   22   11    0
     0    0    1   16    7    0
     0    0    0    0    0    0
balanced_candidates_right
     0    0    0    0    0    0
     0    0    6   24    6    0
     0    0    1   22    0    0
     0    0    0    0    0    0
essential_inliers_left
     0    0    0    0    0    0
     0    0    2   18    4    0
     0    0    1    4    7    0
     0    0    0    0    0    0
essential_inliers_right
     0    0    0    0    0    0
     0    0    4   20    0    0
     0    0    1   11    0    0
     0    0    0    0    0    0
recoverpose_inliers_left
     0    0    0    0    0    0
     0    0    2   18    4    0
     0    0    1    4    7    0
     0    0    0    0    0    0
recoverpose_inliers_right
     0    0    0    0    0    0
     0    0    4   20    0    0
     0    0    1   11    0    0
     0    0    0    0    0    0
joint_optimization_left
     0    0    0    0    0    0
     0    0    2   13    3    0
     0    0    1    3    6    0
     0    0    0    0    0    0
joint_optimization_right
     0    0    0    0    0    0
     0    0    4   14    0    0
     0    0    1    9    0    0
     0    0    0    0    0    0
holdout_left
     0    0    0    0    0    0
     0    0    0    5    1    0
     0    0    0    1    1    0
     0    0    0    0    0    0
holdout_right
     0    0    0    0    0    0
     0    0    0    6    0    0
     0    0    0    2    0    0
     0    0    0    0    0    0
final_rt_inliers_left
     0    0    0    0    0    0
     0    0    2   15    4    0
     0    0    1    4    7    0
     0    0    0    0    0    0
final_rt_inliers_right
     0    0    0    0    0    0
     0    0    3   18    0    0
     0    0    1   11    0    0
     0    0    0    0    0    0

[MATCH_TABLE]
index,left_x,left_y,right_x,right_y,essential_inlier,recoverpose_inlier,optimization_used,holdout,final_rt_inlier,final_epipolar_px
1,737.756836,497.845551,656.552185,498.088562,1,1,0,1,0,2.585875
2,861.883423,367.887695,879.861633,449.084534,0,0,0,0,0,88.666042
3,709.726990,426.019928,633.649353,427.769653,1,1,1,0,1,0.308844
4,811.233154,567.696777,727.257935,570.805115,0,0,0,0,0,0.016471
5,771.902100,539.466675,688.357178,542.184814,0,0,0,0,0,0.402540
6,739.052124,536.041260,656.911011,538.152893,1,1,1,0,1,0.909065
7,775.063782,396.172791,701.390259,397.798676,1,1,1,0,1,0.096135
8,895.434143,543.861938,814.867249,545.898499,1,1,1,0,1,0.565093
9,796.470032,394.202362,723.596313,396.303528,1,1,0,1,1,0.695273
10,908.853333,532.781555,827.958435,534.965576,1,1,1,0,1,0.417031
11,839.263428,567.901733,754.582520,570.703735,1,1,1,0,1,0.348186
12,724.236938,475.301086,645.306580,478.099335,0,0,0,0,0,0.238432
13,812.765869,367.338867,744.200562,369.190735,1,1,1,0,1,1.094048
14,887.338318,564.310974,807.533936,567.764526,1,1,1,0,1,0.897852
15,861.216919,421.319214,789.440613,423.561951,1,1,0,1,1,0.888670
16,693.052917,501.913025,612.196960,503.111816,1,1,1,0,0,1.687021
17,792.928772,557.529785,710.292297,559.912598,1,1,1,0,1,0.622997
18,894.222534,301.284241,905.490417,386.879028,0,0,0,0,0,92.746557
19,906.092896,548.253296,824.370422,551.123230,1,1,1,0,1,0.155230
20,736.626282,391.948273,664.283875,393.338776,1,1,1,0,1,0.037472
21,803.705139,563.831482,720.842285,567.853210,0,0,0,0,0,0.997716
22,763.504822,386.096558,691.000244,388.539398,1,1,0,1,1,1.072554
23,863.202209,568.090149,779.962463,571.044922,1,1,1,0,1,0.003331
24,901.959167,496.143585,825.635986,497.744446,1,1,1,0,1,0.454294
25,852.328979,428.234039,779.365784,429.426117,1,1,1,0,1,0.325784
26,757.866211,537.348083,674.859192,539.955688,0,0,0,0,0,0.476797
27,591.030579,433.973724,516.228638,435.029846,1,1,1,0,1,1.106890
28,909.842285,509.798553,830.574158,512.749084,0,0,0,0,0,0.558900
29,763.504822,386.096558,691.000244,388.539398,1,1,0,1,1,1.072554
30,591.030579,433.973724,516.228638,435.029846,1,1,1,0,1,1.106890
31,746.250916,294.426788,684.716736,295.191925,0,0,0,0,0,1.243291
32,809.781982,406.548584,735.885498,408.022766,1,1,1,0,1,0.086412
33,888.332520,294.938354,912.252991,396.184906,0,0,0,0,0,109.581569
34,746.250916,294.426788,684.716736,295.191925,0,0,0,0,0,1.243291
35,789.041565,565.719910,705.582520,570.156860,0,0,0,0,0,1.321962
36,909.332092,352.034302,865.304749,373.186127,0,0,0,0,0,22.954813
37,888.332520,294.938354,912.252991,396.184906,0,0,0,0,0,109.581569
38,830.185303,405.797058,756.818604,407.708344,1,1,1,0,1,0.438031
39,810.222229,474.131256,733.293274,476.165588,1,1,1,0,1,0.167589
40,721.717896,404.525360,648.022034,406.354492,1,1,0,1,1,0.156174
41,784.339355,379.302094,711.279907,380.814117,1,1,1,0,1,0.174615
42,859.247070,430.710999,786.220215,432.521759,1,1,1,0,1,0.279991
43,859.247070,430.710999,786.220215,432.521759,1,1,1,0,1,0.279991
44,737.228027,563.261230,835.042358,459.707123,0,0,0,0,0,87.188728
45,868.385254,565.907898,785.995972,568.781982,1,1,1,0,1,0.015696
46,893.298645,319.086182,913.988953,387.966278,0,0,0,0,0,76.985715
47,793.155334,585.651245,705.047119,588.382507,0,0,0,0,0,0.860159
48,852.424316,602.315002,766.661560,605.249084,1,1,0,1,1,0.296633
49,736.488831,384.404083,664.932007,386.653320,1,1,1,0,1,0.943885
50,635.214294,695.354614,549.587646,699.093933,1,1,1,0,1,0.380232
51,846.099182,410.878601,773.717468,411.870209,1,1,1,0,1,0.379364
52,743.810730,492.546600,663.145508,493.094543,1,1,1,0,0,2.201136
53,704.814331,400.218628,706.336975,606.509888,0,0,0,0,0,211.083630
54,728.931580,543.468689,645.777832,549.305420,0,0,0,0,0,2.660222
55,741.571228,548.240845,621.262024,463.349426,0,0,0,0,0,91.299471
56,809.849548,618.302979,723.492249,623.112488,0,0,0,0,0,1.453047
57,809.849548,618.302979,723.492249,623.112488,0,0,0,0,0,1.453047
58,764.596619,680.919250,506.378326,448.250122,0,0,0,0,0,252.613981
59,877.913208,525.806274,800.832397,528.837402,1,1,0,1,1,0.783909
