=== RT SIFT DIAGNOSTICS ===
This report describes the selected best frame pair only.
Coordinates are undistorted display pixels: frame_B/UI-left -> frame_A/UI-right.

[SELECTED_PAIR]
video=SU01\video_20260729_153156.mp4
frame_left_B=1
frame_right_A=0
shared_markers=1
baseline_mm=70.150267
rt_sift_role=validation_only
rt_sift_applied=False
rt_reliable=False

[PIPELINE_COUNTS]
left_keypoint_count=247
right_keypoint_count=285
left_descriptor_count=247
right_descriptor_count=285
knn_pair_count=247
ratio_pass_count=65
mutual_pass_count=57
spatially_balanced_count=55
essential_ransac_inlier_count=39
recoverpose_inlier_count=39
final_rt_sift_point_count=0
final_rt_feature_inlier_count=2
final_rt_feature_outlier_count=53

[FEATURE_QUALITY]
match_count=55
essential_inlier_count=39
inlier_count=39
inlier_ratio=0.7090909090909091
grid_coverage=0.125
hull_coverage=0.037856935681666926
parallax_deg=8.132910096754458
homography_ratio=0.6727272727272727
planar_degenerate=False
model_epi_px=0.3368377928451768
quality_penalty=0.13303649119374902
quality_ok=False
strong=False
marker_rt_feature_epi_px=13.482735843513488
final_feature_epi_px=0.4053993831884898
final_feature_inlier_p90_px=0.6377853645867091
final_feature_all_p90_px=58.67267618518148
final_feature_holdout_median_px=None
marker_bidir_rms_px=0.24074057774106902
marker_left_to_right_rms_px=0.026452976656580154
marker_right_to_left_rms_px=0.3394293616766437
marker_bidir_max_px=0.3548656653075103
marker_pnp_self_reproj_px=0.1771620362997055
joint_solution_role=marker_only
feature_rot_agreement_deg=29.036941535509772
pair_score=0.7046734030327004
combined_score=0.8335618824745911
sharpness_min=55.49945831214777
marker_coverage=0.0009464935301906508

[ACTIVE_THRESHOLDS]
sift_max_keypoints=800
sift_contrast_threshold=0.01
match_ratio=0.75
ransac_threshold_px=0.75
min_matches=11
min_inlier_ratio=0.28
min_grid_coverage=0.16666666666666666
min_hull_coverage=0.02
min_parallax_deg=1.0
strong_inliers=40
strong_grid_coverage=0.25

final_feature_inlier_px=1.5
final_feature_p90_max_px=1.25
marker_bidir_rms_max_px=1.5
marker_bidir_point_max_px=2.0

[FINAL_RT_LEFT_TO_RIGHT]
R0=0.984605062839 0.0664737818647 0.161660466897
R1=-0.131240915814 0.892010042413 0.432543531046
R2=-0.115449955603 -0.447101018292 0.887001683873
t_mm=-42.1956731911 -50.167115431 24.9769035987

[GRID_COUNTS_6x4]
raw_keypoints_left
     6   80   38    0    0    0
     0   87   36    0    0    0
     0    0    0    0    0    0
     0    0    0    0    0    0
raw_keypoints_right
     5  127   25    0    0    0
     0  120    8    0    0    0
     0    0    0    0    0    0
     0    0    0    0    0    0
balanced_candidates_left
     0    0    0    0    0    0
     0    1    2   22   13    0
     0    0    0   11    6    0
     0    0    0    0    0    0
balanced_candidates_right
     0    0    0    0    0    0
     0    1    7   24    6    0
     0    0    1   16    0    0
     0    0    0    0    0    0
essential_inliers_left
     0    0    0    0    0    0
     0    0    2   19    6    0
     0    0    0    7    5    0
     0    0    0    0    0    0
essential_inliers_right
     0    0    0    0    0    0
     0    0    4   23    0    0
     0    0    0   12    0    0
     0    0    0    0    0    0
recoverpose_inliers_left
     0    0    0    0    0    0
     0    0    2   19    6    0
     0    0    0    7    5    0
     0    0    0    0    0    0
recoverpose_inliers_right
     0    0    0    0    0    0
     0    0    4   23    0    0
     0    0    0   12    0    0
     0    0    0    0    0    0
joint_optimization_left
     0    0    0    0    0    0
     0    0    0    0    0    0
     0    0    0    0    0    0
     0    0    0    0    0    0
joint_optimization_right
     0    0    0    0    0    0
     0    0    0    0    0    0
     0    0    0    0    0    0
     0    0    0    0    0    0
holdout_left
     0    0    0    0    0    0
     0    0    0    0    0    0
     0    0    0    0    0    0
     0    0    0    0    0    0
holdout_right
     0    0    0    0    0    0
     0    0    0    0    0    0
     0    0    0    0    0    0
     0    0    0    0    0    0
final_rt_inliers_left
     0    0    0    0    0    0
     0    0    0    0    0    0
     0    0    0    2    0    0
     0    0    0    0    0    0
final_rt_inliers_right
     0    0    0    0    0    0
     0    0    0    0    0    0
     0    0    0    2    0    0
     0    0    0    0    0    0

[MATCH_TABLE]
index,left_x,left_y,right_x,right_y,essential_inlier,recoverpose_inlier,optimization_used,holdout,final_rt_inlier,final_epipolar_px
1,885.886780,378.552399,874.495911,430.197235,0,0,0,0,0,53.613052
2,724.127319,470.739075,644.990234,473.973999,1,1,0,0,0,11.281952
3,712.578613,528.663574,631.314880,528.621704,0,0,0,0,0,4.325354
4,895.175903,534.522705,815.414185,536.296204,1,1,0,0,0,3.327350
5,741.121704,531.607727,658.495239,533.614258,1,1,0,0,0,1.917873
6,793.119873,388.649017,720.494629,390.484650,1,1,0,0,0,37.584428
7,839.786255,559.686646,756.292236,561.952209,1,1,0,0,0,5.832985
8,794.465271,550.140198,711.455872,552.835022,1,1,0,0,0,1.947553
9,857.049255,562.089844,773.938660,564.700500,1,1,0,0,0,7.396564
10,922.225708,318.833984,538.988403,365.445160,0,0,0,0,0,231.462237
11,714.241455,478.025330,634.453247,480.010925,1,1,0,0,0,10.046886
12,907.055603,522.635864,827.461670,525.137146,1,1,0,0,0,2.559917
13,749.829468,380.274567,677.784485,382.348907,1,1,0,0,0,37.742828
14,791.725159,379.690643,720.158752,381.781006,1,1,0,0,0,40.711945
15,772.534729,533.150818,689.527893,535.779663,1,1,0,0,1,0.695882
16,842.237915,397.209900,771.874573,401.514618,0,0,0,0,0,36.363086
17,868.778992,557.066772,786.690002,559.757324,1,1,0,0,0,6.958261
18,692.987854,496.391418,613.673523,500.084808,0,0,0,0,0,6.353532
19,759.563965,541.211609,676.132202,543.596313,1,1,0,0,1,0.114917
20,868.778992,557.066772,786.690002,559.757324,1,1,0,0,0,6.958261
21,800.288818,396.286591,728.410400,397.834198,1,1,0,0,0,36.620343
22,714.845886,440.519592,637.749023,443.261108,1,1,0,0,0,17.697127
23,588.576721,434.550751,514.114258,436.111603,1,1,0,0,0,8.545398
24,897.876648,496.779785,819.978333,498.573761,1,1,0,0,0,5.255671
25,811.781921,559.712463,729.082581,563.332275,1,1,0,0,0,4.168897
26,887.959656,554.458557,807.882996,558.189697,0,0,0,0,0,7.426959
27,883.075500,429.858673,810.110352,432.131775,1,1,0,0,0,25.904529
28,899.950012,487.017975,823.927795,489.095520,1,1,0,0,0,8.520956
29,827.184937,399.561584,754.969727,401.824493,1,1,0,0,0,35.516387
30,945.134949,373.612122,911.023132,396.236206,0,0,0,0,0,55.624992
31,855.978577,423.187866,783.703003,424.824310,1,1,0,0,0,29.425587
32,857.616699,413.690216,786.819275,416.157074,1,1,0,0,0,32.598643
33,945.134949,373.612122,911.023132,396.236206,0,0,0,0,0,55.624992
34,740.529419,290.413086,679.472595,291.210968,1,1,0,0,0,75.075024
35,906.365967,348.649872,865.056946,370.765564,0,0,0,0,0,61.268524
36,733.106445,380.276184,661.369690,382.327515,1,1,0,0,0,36.753988
37,588.576721,434.550751,514.114258,436.111603,1,1,0,0,0,8.545398
38,809.436951,467.353424,732.301575,469.993500,1,1,0,0,0,15.156802
39,833.215637,393.365112,759.884460,395.716187,1,1,0,0,0,36.340622
40,769.591125,387.789917,697.080383,390.135406,1,1,0,0,0,36.453415
41,907.399719,500.616852,830.108459,503.078278,1,1,0,0,0,3.713864
42,850.402344,763.222229,746.311584,759.009460,0,0,0,0,0,27.959262
43,811.942810,393.110901,736.985535,394.862305,1,1,0,0,0,35.069802
44,834.991699,421.514557,760.805542,423.659546,1,1,0,0,0,28.148189
45,719.380920,400.513611,645.697632,402.324371,1,1,0,0,0,29.392869
46,718.847595,389.567932,646.372498,391.902222,1,1,0,0,0,32.508025
47,687.251038,422.550873,611.623962,422.085968,0,0,0,0,0,22.050526
48,829.999146,406.785828,754.955688,409.011841,1,1,0,0,0,31.247439
49,922.941345,359.116730,886.202515,380.885681,0,0,0,0,0,60.704465
50,794.949646,578.334717,707.681885,580.983276,1,1,0,0,0,8.154029
51,736.984741,462.687927,657.960571,465.514282,1,1,0,0,0,13.356558
52,741.173096,559.554199,650.005737,557.094788,0,0,0,0,0,5.161687
53,711.235962,726.004333,694.148926,519.769775,0,0,0,0,0,161.421133
54,354.931824,379.006958,342.107758,381.647125,0,0,0,0,0,19.305558
55,907.440735,316.650055,880.499695,344.825745,0,0,0,0,0,79.908521
