=== RT SIFT DIAGNOSTICS ===
This report describes the selected best frame pair only.
Coordinates are undistorted display pixels: frame_B/UI-left -> frame_A/UI-right.

[SELECTED_PAIR]
video=D:\Lightglue\lg_env\SU01\video_20260729_155132.mp4
frame_left_B=1
frame_right_A=0
shared_markers=1
baseline_mm=23.051568
rt_sift_role=validation_only
rt_sift_applied=False
rt_reliable=False

[PIPELINE_COUNTS]
left_keypoint_count=247
right_keypoint_count=247
left_descriptor_count=247
right_descriptor_count=247
knn_pair_count=247
ratio_pass_count=60
mutual_pass_count=50
spatially_balanced_count=44
essential_ransac_inlier_count=30
recoverpose_inlier_count=28
final_rt_sift_point_count=0
final_rt_feature_inlier_count=17
final_rt_feature_outlier_count=27

[FEATURE_QUALITY]
match_count=44
essential_inlier_count=30
inlier_count=28
inlier_ratio=0.6363636363636364
grid_coverage=0.125
hull_coverage=0.02683820912683501
parallax_deg=3.896816661177213
homography_ratio=0.5681818181818182
planar_degenerate=False
model_epi_px=0.4251536408556734
quality_penalty=0.17435671577436873
quality_ok=False
strong=False
marker_rt_feature_epi_px=0.859301767784262
final_feature_epi_px=0.3214624225785392
final_feature_inlier_p90_px=0.9943889982525351
final_feature_all_p90_px=10.455063669945462
final_feature_holdout_median_px=None
marker_bidir_rms_px=0.047986331681326724
marker_left_to_right_rms_px=0.06638679786439526
marker_right_to_left_rms_px=0.014077255619350186
marker_bidir_max_px=0.0696589206940617
marker_pnp_self_reproj_px=0.04009819030761719
joint_solution_role=marker_only
feature_rot_agreement_deg=6.586821640696483
pair_score=0.8090099388555789
combined_score=0.43395496681099577
sharpness_min=44.78460890557384
marker_coverage=0.0008633331582416304

[ACTIVE_THRESHOLDS]
sift_max_keypoints=800
sift_contrast_threshold=0.01
match_ratio=0.75
ransac_threshold_px=0.75
min_matches=11
min_inlier_ratio=0.28
min_grid_coverage=0.16666666666666666
min_hull_coverage=0.02
min_parallax_deg=1.0
strong_inliers=40
strong_grid_coverage=0.25

final_feature_inlier_px=1.5
final_feature_p90_max_px=1.25
marker_bidir_rms_max_px=1.5
marker_bidir_point_max_px=2.0

[FINAL_RT_LEFT_TO_RIGHT]
R0=0.99980699246 0.0147375304497 0.0129916521198
R1=-0.014313869159 0.999381477027 -0.0321212783741
R2=-0.0134570048026 0.0319291179166 0.999399539949
t_mm=-22.4703538043 5.12078830948 -0.485321807

[GRID_COUNTS_6x4]
raw_keypoints_left
    22  108   36    0    0    0
     8   47   26    0    0    0
     0    0    0    0    0    0
     0    0    0    0    0    0
raw_keypoints_right
    20  122   28    0    0    0
     6   55   16    0    0    0
     0    0    0    0    0    0
     0    0    0    0    0    0
balanced_candidates_left
     0    0    0    0    0    0
     0    2    4   24    6    0
     0    1    1    5    1    0
     0    0    0    0    0    0
balanced_candidates_right
     0    0    0    0    0    0
     0    4    8   24    0    0
     0    0    0    6    2    0
     0    0    0    0    0    0
essential_inliers_left
     0    0    0    0    0    0
     0    0    1   18    5    0
     0    0    1    4    1    0
     0    0    0    0    0    0
essential_inliers_right
     0    0    0    0    0    0
     0    0    4   20    0    0
     0    0    0    5    1    0
     0    0    0    0    0    0
recoverpose_inliers_left
     0    0    0    0    0    0
     0    0    0   18    5    0
     0    0    0    4    1    0
     0    0    0    0    0    0
recoverpose_inliers_right
     0    0    0    0    0    0
     0    0    3   20    0    0
     0    0    0    5    0    0
     0    0    0    0    0    0
joint_optimization_left
     0    0    0    0    0    0
     0    0    0    0    0    0
     0    0    0    0    0    0
     0    0    0    0    0    0
joint_optimization_right
     0    0    0    0    0    0
     0    0    0    0    0    0
     0    0    0    0    0    0
     0    0    0    0    0    0
holdout_left
     0    0    0    0    0    0
     0    0    0    0    0    0
     0    0    0    0    0    0
     0    0    0    0    0    0
holdout_right
     0    0    0    0    0    0
     0    0    0    0    0    0
     0    0    0    0    0    0
     0    0    0    0    0    0
final_rt_inliers_left
     0    0    0    0    0    0
     0    0    0   12    0    0
     0    0    0    4    1    0
     0    0    0    0    0    0
final_rt_inliers_right
     0    0    0    0    0    0
     0    0    3    9    0    0
     0    0    0    5    0    0
     0    0    0    0    0    0

[MATCH_TABLE]
index,left_x,left_y,right_x,right_y,essential_inlier,recoverpose_inlier,optimization_used,holdout,final_rt_inlier,final_epipolar_px
1,415.766357,410.993591,355.310913,416.034973,0,0,0,0,0,1.000049
2,407.601471,434.335205,347.694580,440.124451,0,0,0,0,0,1.391719
3,440.041199,397.363800,376.334564,408.928497,0,0,0,0,0,7.213310
4,496.386932,382.372986,445.584503,386.600616,1,0,0,0,0,4.618787
5,847.525391,480.742004,767.378967,484.213776,0,0,0,0,0,1.074720
6,375.742371,525.957825,367.346863,473.026978,0,0,0,0,0,44.113106
7,749.985779,487.778961,672.696472,490.445770,1,1,0,0,1,0.468423
8,711.315369,392.088959,644.026001,394.122223,1,1,0,0,0,2.281096
9,836.144531,471.127258,758.510193,472.988495,1,1,0,0,1,0.119639
10,866.187073,418.288025,790.530518,419.923981,1,1,0,0,0,1.727699
11,492.988739,323.982971,431.068420,334.059662,0,0,0,0,0,8.778379
12,866.187073,418.288025,790.530518,419.923981,1,1,0,0,0,1.727699
13,712.008911,378.308655,646.643616,379.901489,1,1,0,0,0,2.631805
14,729.191895,490.003693,653.316284,493.307800,1,1,0,0,1,0.160923
15,802.766235,484.602386,724.073303,487.177277,1,1,0,0,1,0.100866
16,809.876099,345.970184,742.970093,348.967102,1,1,0,0,0,6.035070
17,837.680054,360.744781,767.800049,362.371796,0,0,0,0,0,4.047062
18,746.055725,357.776276,679.715515,359.335083,1,1,0,0,0,3.428120
19,878.287354,405.822205,804.850586,408.046631,1,1,0,0,0,3.273155
20,723.545349,381.371521,656.372559,382.193756,1,1,0,0,0,1.581122
21,802.804871,555.255859,719.057983,558.523560,1,1,0,0,1,1.278058
22,802.477661,498.466034,724.317688,501.065887,1,1,0,0,1,0.106208
23,739.203674,370.991180,672.185425,372.991364,1,1,0,0,0,3.251186
24,677.302429,457.148376,607.824463,460.115540,1,1,0,0,1,0.981516
25,868.076782,430.832428,791.380920,432.837067,1,1,0,0,0,1.605703
26,794.236511,527.431763,713.631348,531.165710,1,1,0,0,1,0.007355
27,667.593872,421.653381,600.771790,422.632721,1,1,0,0,1,0.083838
28,574.169250,759.691284,925.991516,748.158142,1,0,0,0,0,97.631167
29,819.166565,461.123352,742.245728,462.465057,1,1,0,0,1,0.298584
30,852.178650,458.977142,774.444458,461.086487,1,1,0,0,1,0.738330
31,854.544067,358.736786,781.725647,361.489227,1,1,0,0,0,4.730627
32,673.743591,464.123444,604.398621,466.524475,1,1,0,0,1,0.321462
33,863.714905,391.205444,793.671570,391.903778,0,0,0,0,0,2.753606
34,708.285583,524.544739,653.514160,534.410522,0,0,0,0,0,11.173643
35,840.385864,448.241180,762.869812,450.378021,1,1,0,0,1,0.827747
36,805.600342,492.716827,729.100464,494.416504,1,1,0,0,1,0.456124
37,682.894653,466.693512,753.311401,346.159973,0,0,0,0,0,83.973263
38,794.236511,527.431763,713.631348,531.165710,1,1,0,0,1,0.007355
39,683.176575,396.295929,620.956543,394.399017,0,0,0,0,0,0.836907
40,655.260559,404.454773,587.211121,412.199188,0,0,0,0,0,6.395515
41,931.199585,544.112000,845.805237,546.821960,1,1,0,0,1,0.576951
42,699.377747,354.422058,624.644226,361.462280,0,0,0,0,0,5.960823
43,613.361633,306.248199,921.751282,761.887268,0,0,0,0,0,536.820091
44,836.369446,516.365540,758.844299,519.662903,1,1,0,0,1,1.013699
