=== RT SIFT DIAGNOSTICS ===
This report describes the selected best frame pair only.
Coordinates are undistorted display pixels: frame_B/UI-left -> frame_A/UI-right.

[SELECTED_PAIR]
video=D:\Lightglue\lg_env\SU01\video_20260729_143055.mp4
frame_left_B=1
frame_right_A=0
shared_markers=1
baseline_mm=29.780032
rt_sift_role=validation_only
rt_sift_applied=False
rt_reliable=True

[PIPELINE_COUNTS]
left_keypoint_count=277
right_keypoint_count=259
left_descriptor_count=277
right_descriptor_count=259
knn_pair_count=277
ratio_pass_count=102
mutual_pass_count=99
spatially_balanced_count=56
essential_ransac_inlier_count=42
recoverpose_inlier_count=41
final_rt_sift_point_count=0
final_rt_feature_inlier_count=21
final_rt_feature_outlier_count=35

[FEATURE_QUALITY]
match_count=56
essential_inlier_count=42
inlier_count=41
inlier_ratio=0.7321428571428571
grid_coverage=0.16666666666666666
hull_coverage=0.03822308155817211
parallax_deg=7.26677064760829
homography_ratio=0.8392857142857143
planar_degenerate=False
model_epi_px=0.3857063469508447
quality_penalty=0.08999677749018793
quality_ok=True
strong=False
marker_rt_feature_epi_px=0.9019776861721237
final_feature_epi_px=0.4463352396894206
final_feature_inlier_p90_px=0.8413861746161438
final_feature_all_p90_px=8.379361110803284
final_feature_holdout_median_px=0.6654758600904312
marker_bidir_rms_px=0.22162544678971166
marker_left_to_right_rms_px=0.22634681883871158
marker_right_to_left_rms_px=0.2168012798188104
marker_bidir_max_px=0.23574030176833705
marker_pnp_self_reproj_px=0.22164013981819153
joint_solution_role=marker_only
feature_rot_agreement_deg=3.8497040765440933
pair_score=0.8536292650375382
combined_score=0.35615450459892184
sharpness_min=57.815528068243886
marker_coverage=0.00047516717853710586

[ACTIVE_THRESHOLDS]
sift_max_keypoints=800
sift_contrast_threshold=0.01
match_ratio=0.75
ransac_threshold_px=0.75
min_matches=11
min_inlier_ratio=0.28
min_grid_coverage=0.16666666666666666
min_hull_coverage=0.02
min_parallax_deg=1.0
strong_inliers=40
strong_grid_coverage=0.25

final_feature_inlier_px=1.5
final_feature_p90_max_px=1.25
marker_bidir_rms_max_px=1.5
marker_bidir_point_max_px=2.0

[FINAL_RT_LEFT_TO_RIGHT]
R0=0.998988648778 0.0236825551867 0.038220625218
R1=-0.0224880369908 0.99925431794 -0.0313862433227
R2=-0.0389354312231 0.0304949939735 0.998776295042
t_mm=-28.869190676 7.18546112096 1.33764797092

[GRID_COUNTS_6x4]
raw_keypoints_left
    14  173   10    0    0    0
    11   67    2    0    0    0
     0    0    0    0    0    0
     0    0    0    0    0    0
raw_keypoints_right
     4  181    7    0    0    0
     2   63    2    0    0    0
     0    0    0    0    0    0
     0    0    0    0    0    0
balanced_candidates_left
     0    0    0    0    0    0
     0    0   10   24    3    0
     0    0    2   16    1    0
     0    0    0    0    0    0
balanced_candidates_right
     0    0    0    0    0    0
     0    0   12   23    2    0
     0    0    5   14    0    0
     0    0    0    0    0    0
essential_inliers_left
     0    0    0    0    0    0
     0    0    7   22    1    0
     0    0    1   11    0    0
     0    0    0    0    0    0
essential_inliers_right
     0    0    0    0    0    0
     0    0   10   20    0    0
     0    0    3    9    0    0
     0    0    0    0    0    0
recoverpose_inliers_left
     0    0    0    0    0    0
     0    0    7   22    1    0
     0    0    1   10    0    0
     0    0    0    0    0    0
recoverpose_inliers_right
     0    0    0    0    0    0
     0    0   10   20    0    0
     0    0    3    8    0    0
     0    0    0    0    0    0
joint_optimization_left
     0    0    0    0    0    0
     0    0    5   18    1    0
     0    0    1    7    0    0
     0    0    0    0    0    0
joint_optimization_right
     0    0    0    0    0    0
     0    0    8   16    0    0
     0    0    3    5    0    0
     0    0    0    0    0    0
holdout_left
     0    0    0    0    0    0
     0    0    2    4    0    0
     0    0    0    3    0    0
     0    0    0    0    0    0
holdout_right
     0    0    0    0    0    0
     0    0    2    4    0    0
     0    0    0    3    0    0
     0    0    0    0    0    0
final_rt_inliers_left
     0    0    0    0    0    0
     0    0    0   14    0    0
     0    0    0    7    0    0
     0    0    0    0    0    0
final_rt_inliers_right
     0    0    0    0    0    0
     0    0    0   14    0    0
     0    0    1    6    0    0
     0    0    0    0    0    0

[MATCH_TABLE]
index,left_x,left_y,right_x,right_y,essential_inlier,recoverpose_inlier,optimization_used,holdout,final_rt_inlier,final_epipolar_px
1,655.505371,553.047363,596.329163,555.315430,0,0,0,0,0,3.762122
2,787.466431,483.846497,733.190735,485.946899,1,1,0,1,1,0.874908
3,718.094238,405.943604,666.368347,408.058533,1,1,0,0,1,0.358961
4,762.617737,423.046234,710.408752,425.475128,0,0,0,0,0,1.718643
5,787.429993,455.827148,735.592346,457.990906,1,1,0,0,0,1.874721
6,762.658752,447.820953,710.793030,450.266449,1,1,0,0,0,1.530775
7,770.448120,433.022583,719.272156,435.499298,1,1,0,0,0,2.153115
8,609.649719,501.854401,550.245911,504.068970,1,1,0,1,0,5.584122
9,732.979248,408.283142,681.100891,410.379944,1,1,0,0,1,0.758391
10,682.178345,446.288269,627.009338,447.378662,1,1,0,0,0,3.140123
11,726.267883,434.646820,674.814453,436.871155,1,1,0,0,1,0.477777
12,944.164368,475.454651,907.454285,498.113708,0,0,0,0,0,28.916938
13,550.656067,546.894836,492.338745,550.124573,0,0,0,0,0,5.738997
14,748.528076,503.084381,692.089783,504.287506,0,0,0,0,0,1.697650
15,635.857300,520.276978,577.190186,523.083008,1,1,0,0,0,3.891878
16,730.366089,455.414032,677.786865,457.377899,1,1,0,1,1,0.145157
17,816.677246,504.338409,762.270935,507.255493,1,1,0,0,0,2.177225
18,783.618225,431.376740,731.879150,433.060425,1,1,0,0,0,1.644006
19,642.548096,416.256256,588.977783,417.833527,1,1,0,0,0,3.391179
20,639.098145,389.626984,587.111572,392.019043,1,1,0,0,0,2.070157
21,526.833679,428.570770,475.083954,422.821167,0,0,0,0,0,14.370082
22,823.206360,537.092712,768.435181,538.952942,0,0,0,0,0,1.009726
23,627.341614,406.135986,573.203491,408.600769,1,1,0,1,0,3.186711
24,697.024170,412.339478,645.220154,414.196411,1,1,0,0,1,0.691914
25,667.326477,557.690735,768.757019,588.806274,1,0,0,0,0,67.697797
26,726.267883,434.646820,674.814453,436.871155,1,1,0,0,1,0.477777
27,756.899353,484.118103,701.797668,486.198700,1,1,0,0,1,0.175051
28,764.878967,497.784454,709.513794,500.124817,1,1,0,0,1,0.137152
29,735.276123,486.218201,679.604553,488.467590,1,1,0,1,1,0.770394
30,750.701782,437.347626,699.243896,439.227539,1,1,0,0,1,0.864320
31,754.358154,490.201447,698.975342,492.416565,1,1,0,0,1,0.224979
32,876.231689,301.347839,837.302185,302.776764,1,1,0,0,0,11.019725
33,819.696777,524.017090,764.828735,527.704895,1,1,0,0,0,2.734678
34,855.219116,572.520691,797.900269,574.512451,0,0,0,0,0,0.957422
35,728.702454,447.494843,677.243347,449.963501,1,1,0,1,1,0.665476
36,956.813110,463.004944,930.269714,491.916260,0,0,0,0,0,38.095959
37,647.158508,408.580048,593.785217,411.008606,1,1,0,0,0,2.295588
38,774.779907,479.241150,720.840454,480.749359,1,1,0,0,1,0.103465
39,810.543518,550.406555,753.706909,554.470398,1,1,0,0,0,2.281126
40,627.341614,406.135986,573.203491,408.600769,1,1,0,0,0,3.186711
41,797.797668,520.796143,742.278992,522.605408,1,1,0,1,1,0.275405
42,727.488770,555.492310,668.326416,558.869995,1,1,0,0,1,0.841386
43,766.247253,539.144714,709.300293,541.663452,1,1,0,0,1,0.197187
44,626.750916,483.143066,569.007935,485.858337,1,1,0,0,0,4.157297
45,657.757629,614.772156,595.606995,621.372559,1,1,0,0,1,0.446335
46,765.218689,529.810303,708.925720,532.211792,1,1,0,1,1,0.150087
47,603.977661,485.846863,546.292053,488.749969,1,1,0,0,0,4.701379
48,834.832642,556.453186,778.728149,558.236572,0,0,0,0,0,0.744032
49,791.777588,526.253174,736.089417,528.755005,1,1,0,0,1,0.737578
50,606.989563,404.183014,780.503906,411.495117,0,0,0,0,0,64.827452
51,621.140991,396.692261,565.364075,399.887726,0,0,0,0,0,3.116989
52,703.254578,524.136963,645.813965,525.317749,0,0,0,0,0,3.206928
53,677.840637,517.992126,619.140930,520.218872,1,1,0,0,0,3.252702
54,602.881409,472.109802,545.475769,475.014404,1,1,0,0,0,4.702340
55,746.191956,548.647644,687.342529,551.052856,0,0,0,0,0,1.277958
56,757.669312,527.042114,700.333130,530.245605,1,1,0,1,1,0.164727
