=== RT SIFT DIAGNOSTICS ===
This report describes the selected best frame pair only.
Coordinates are undistorted display pixels: frame_B/UI-left -> frame_A/UI-right.

[SELECTED_PAIR]
video=SU01\video_20260729_151538.mp4
frame_left_B=1
frame_right_A=0
shared_markers=1
baseline_mm=57.474478
rt_sift_role=validation_only
rt_sift_applied=False
rt_reliable=False

[PIPELINE_COUNTS]
left_keypoint_count=221
right_keypoint_count=202
left_descriptor_count=221
right_descriptor_count=202
knn_pair_count=221
ratio_pass_count=60
mutual_pass_count=52
spatially_balanced_count=46
essential_ransac_inlier_count=30
recoverpose_inlier_count=30
final_rt_sift_point_count=0
final_rt_feature_inlier_count=0
final_rt_feature_outlier_count=46

[FEATURE_QUALITY]
match_count=46
essential_inlier_count=30
inlier_count=30
inlier_ratio=0.6521739130434783
grid_coverage=0.125
hull_coverage=0.04820433290844832
parallax_deg=9.661100526626033
homography_ratio=0.5
planar_degenerate=False
model_epi_px=0.44853455427810707
quality_penalty=0.125
quality_ok=False
strong=False
marker_rt_feature_epi_px=13.634790962917787
final_feature_epi_px=inf
final_feature_inlier_p90_px=inf
final_feature_all_p90_px=55.44007352666287
final_feature_holdout_median_px=None
marker_bidir_rms_px=0.2021696331176496
marker_left_to_right_rms_px=0.02994411760777099
marker_right_to_left_rms_px=0.2843386553575543
marker_bidir_max_px=0.31037337521455044
marker_pnp_self_reproj_px=0.15249952673912048
joint_solution_role=marker_only
feature_rot_agreement_deg=22.850427119104467
pair_score=0.7090759016632077
combined_score=0.7625380667486222
sharpness_min=49.0410274958238
marker_coverage=0.0009727063335816411

[ACTIVE_THRESHOLDS]
sift_max_keypoints=800
sift_contrast_threshold=0.01
match_ratio=0.75
ransac_threshold_px=0.75
min_matches=11
min_inlier_ratio=0.28
min_grid_coverage=0.16666666666666666
min_hull_coverage=0.02
min_parallax_deg=1.0
strong_inliers=40
strong_grid_coverage=0.25

final_feature_inlier_px=1.5
final_feature_p90_max_px=1.25
marker_bidir_rms_max_px=1.5
marker_bidir_point_max_px=2.0

[FINAL_RT_LEFT_TO_RIGHT]
R0=0.998677094009 0.037914362432 0.0347356160468
R1=-0.0488332517159 0.910891727508 0.409745743461
R2=-0.0161051366844 -0.410899941444 0.911538184989
t_mm=-25.8589170127 -45.3440214554 24.0531020746

[GRID_COUNTS_6x4]
raw_keypoints_left
    15  136   12    0    0    0
    13   38    7    0    0    0
     0    0    0    0    0    0
     0    0    0    0    0    0
raw_keypoints_right
    31  128   12    0    0    0
     3   20    8    0    0    0
     0    0    0    0    0    0
     0    0    0    0    0    0
balanced_candidates_left
     0    0    0    0    0    0
     0    0   21   18    2    0
     0    0    3    1    1    0
     0    0    0    0    0    0
balanced_candidates_right
     0    0    0    0    0    0
     0    8   24    6    3    0
     0    2    2    0    1    0
     0    0    0    0    0    0
essential_inliers_left
     0    0    0    0    0    0
     0    0   16   13    1    0
     0    0    0    0    0    0
     0    0    0    0    0    0
essential_inliers_right
     0    0    0    0    0    0
     0    5   20    4    1    0
     0    0    0    0    0    0
     0    0    0    0    0    0
recoverpose_inliers_left
     0    0    0    0    0    0
     0    0   16   13    1    0
     0    0    0    0    0    0
     0    0    0    0    0    0
recoverpose_inliers_right
     0    0    0    0    0    0
     0    5   20    4    1    0
     0    0    0    0    0    0
     0    0    0    0    0    0
joint_optimization_left
     0    0    0    0    0    0
     0    0    0    0    0    0
     0    0    0    0    0    0
     0    0    0    0    0    0
joint_optimization_right
     0    0    0    0    0    0
     0    0    0    0    0    0
     0    0    0    0    0    0
     0    0    0    0    0    0
holdout_left
     0    0    0    0    0    0
     0    0    0    0    0    0
     0    0    0    0    0    0
     0    0    0    0    0    0
holdout_right
     0    0    0    0    0    0
     0    0    0    0    0    0
     0    0    0    0    0    0
     0    0    0    0    0    0
final_rt_inliers_left
     0    0    0    0    0    0
     0    0    0    0    0    0
     0    0    0    0    0    0
     0    0    0    0    0    0
final_rt_inliers_right
     0    0    0    0    0    0
     0    0    0    0    0    0
     0    0    0    0    0    0
     0    0    0    0    0    0

[MATCH_TABLE]
index,left_x,left_y,right_x,right_y,essential_inlier,recoverpose_inlier,optimization_used,holdout,final_rt_inlier,final_epipolar_px
1,538.776550,473.742340,458.109619,475.254364,0,0,0,0,0,17.711381
2,788.300110,356.429871,673.204224,279.379669,0,0,0,0,0,47.989168
3,690.065186,394.493347,616.185730,396.116577,1,1,0,0,0,17.640741
4,804.875977,446.045258,733.718140,448.289459,1,1,0,0,0,29.695042
5,736.469910,504.882324,657.477173,508.350037,1,1,0,0,0,6.942018
6,763.839355,318.069977,363.943359,357.013214,0,0,0,0,0,313.568384
7,707.083740,271.973206,645.414551,274.679657,1,1,0,0,0,57.044811
8,675.086182,359.974457,605.071289,362.231812,1,1,0,0,0,22.912193
9,563.596436,344.047882,493.452026,346.500061,1,1,0,0,0,2.453944
10,488.350616,427.676605,409.370544,429.922943,1,1,0,0,0,28.217351
11,472.046539,648.859680,378.515137,653.629944,0,0,0,0,0,14.345943
12,650.245911,574.589050,601.035278,561.782837,0,0,0,0,0,33.408582
13,684.819702,407.126129,609.621155,409.306519,1,1,0,0,0,13.595431
14,804.875977,446.045258,733.718140,448.289459,1,1,0,0,0,29.695042
15,564.122681,332.202850,492.821869,335.032013,1,1,0,0,0,3.046024
16,692.212708,368.845490,619.759460,371.018921,1,1,0,0,0,22.774682
17,520.110596,484.096252,438.058075,487.475433,1,1,0,0,0,21.752767
18,757.476990,488.391510,695.323303,483.662628,0,0,0,0,0,30.563406
19,579.418152,491.065765,863.243835,294.890198,0,0,0,0,0,457.822473
20,677.697144,430.278595,601.387695,432.237152,1,1,0,0,0,9.087665
21,645.495056,456.052185,567.864807,456.117584,0,0,0,0,0,1.900507
22,891.150452,747.034729,862.276978,711.660767,0,0,0,0,0,53.835336
23,592.033875,335.521271,521.894043,338.326721,1,1,0,0,0,5.429140
24,516.435120,388.141266,441.245911,390.419159,1,1,0,0,0,20.055902
25,633.567078,484.950348,551.040283,488.296600,1,1,0,0,0,6.664271
26,563.403809,363.063477,490.823792,365.333374,1,1,0,0,0,5.908501
27,596.863953,468.549194,513.771667,471.086823,1,1,0,0,0,11.927375
28,682.924072,347.408264,613.090881,351.567596,0,0,0,0,0,25.798843
29,667.831604,430.795044,591.992676,432.364227,1,1,0,0,0,8.098534
30,692.753601,413.213013,616.486633,414.992218,1,1,0,0,0,13.397222
31,599.227905,475.554596,517.154114,476.858521,1,1,0,0,0,10.074074
32,477.904358,432.204834,397.392426,435.052094,1,1,0,0,0,31.736581
33,600.551208,467.863037,520.973755,470.074097,1,1,0,0,0,7.708435
34,641.048706,459.892761,559.695190,462.748138,1,1,0,0,0,3.732227
35,545.431335,348.337769,473.952454,350.319244,1,1,0,0,0,8.662235
36,496.726135,464.635620,415.607574,466.204315,1,1,0,0,0,25.690170
37,593.076233,404.340790,517.220459,408.730469,0,0,0,0,0,5.032217
38,502.590210,502.209869,416.834259,503.448059,0,0,0,0,0,25.848013
39,643.425049,480.546478,563.366455,483.728394,1,1,0,0,0,2.817027
40,499.340607,452.287415,418.798523,454.176056,1,1,0,0,0,25.752346
41,927.878418,263.400116,904.003784,268.970032,0,0,0,0,0,152.456894
42,500.865479,445.291779,418.524017,446.453247,1,1,0,0,0,27.712960
43,875.198669,261.449036,856.567749,272.492706,1,1,0,0,0,142.734709
44,455.883362,637.781677,363.896729,638.573914,0,0,0,0,0,15.019428
45,463.971039,428.142151,384.023834,432.584930,0,0,0,0,0,34.736923
46,614.444702,512.348206,532.177063,520.405945,0,0,0,0,0,10.069659
