=== RT SIFT DIAGNOSTICS ===
This report describes the selected best frame pair only.
Coordinates are undistorted display pixels: frame_B/UI-left -> frame_A/UI-right.

[SELECTED_PAIR]
video=D:\Lightglue\lg_env\SU01\video_20260729_144738.mp4
frame_left_B=1
frame_right_A=0
shared_markers=1
baseline_mm=20.662713
rt_sift_role=final_rt
rt_sift_applied=True
rt_reliable=True

[PIPELINE_COUNTS]
left_keypoint_count=462
right_keypoint_count=523
left_descriptor_count=462
right_descriptor_count=523
knn_pair_count=462
ratio_pass_count=103
mutual_pass_count=99
spatially_balanced_count=61
essential_ransac_inlier_count=47
recoverpose_inlier_count=46
final_rt_sift_point_count=36
final_rt_feature_inlier_count=46
final_rt_feature_outlier_count=15

[FEATURE_QUALITY]
match_count=61
essential_inlier_count=47
inlier_count=46
inlier_ratio=0.7540983606557377
grid_coverage=0.16666666666666666
hull_coverage=0.052683889032722676
parallax_deg=8.056128258803664
homography_ratio=0.6721311475409836
planar_degenerate=False
model_epi_px=0.34091913664898266
quality_penalty=0.08333333333333334
quality_ok=True
strong=False
marker_rt_feature_epi_px=16.4513796180403
final_feature_epi_px=0.3073872250541696
final_feature_inlier_p90_px=0.9402903189633698
final_feature_all_p90_px=2.908336740136542
final_feature_holdout_median_px=0.3073872250541696
marker_bidir_rms_px=0.12583271083491065
marker_left_to_right_rms_px=0.12686526743454388
marker_right_to_left_rms_px=0.12479161089947569
marker_bidir_max_px=0.16408075803011374
marker_pnp_self_reproj_px=0.18052330613136292
joint_solution_role=joint_from_marker_w4
feature_rot_agreement_deg=36.01111297336098
pair_score=0.7599360860071189
combined_score=0.8323638853137556
sharpness_min=65.75562968934828
marker_coverage=0.0008430897156827654

[ACTIVE_THRESHOLDS]
sift_max_keypoints=800
sift_contrast_threshold=0.01
match_ratio=0.75
ransac_threshold_px=0.75
min_matches=11
min_inlier_ratio=0.28
min_grid_coverage=0.16666666666666666
min_hull_coverage=0.02
min_parallax_deg=1.0
strong_inliers=40
strong_grid_coverage=0.25

final_feature_inlier_px=1.5
final_feature_p90_max_px=1.25
marker_bidir_rms_max_px=1.5
marker_bidir_point_max_px=2.0

[FINAL_RT_LEFT_TO_RIGHT]
R0=0.999997480248 0.00140162501563 -0.00175355234901
R1=-0.00141259165103 0.999979355502 -0.00626842527618
R2=0.00174473016612 0.00627088653471 0.999978815725
t_mm=-20.605982491 1.4655295411 0.439812428409

[GRID_COUNTS_6x4]
raw_keypoints_left
    12  204   83    0    0    0
     1   65   97    0    0    0
     0    0    0    0    0    0
     0    0    0    0    0    0
raw_keypoints_right
    15  254   55    0    0    0
     3  141   55    0    0    0
     0    0    0    0    0    0
     0    0    0    0    0    0
balanced_candidates_left
     0    0    0    0    0    0
     0    3    2   22   19    0
     0    0    0    1   14    0
     0    0    0    0    0    0
balanced_candidates_right
     0    0    0    0    0    0
     0    3   15   24    4    0
     0    0    0   13    2    0
     0    0    0    0    0    0
essential_inliers_left
     0    0    0    0    0    0
     0    1    1   20   16    0
     0    0    0    0    9    0
     0    0    0    0    0    0
essential_inliers_right
     0    0    0    0    0    0
     0    1   11   22    3    0
     0    0    0    9    1    0
     0    0    0    0    0    0
recoverpose_inliers_left
     0    0    0    0    0    0
     0    0    1   20   16    0
     0    0    0    0    9    0
     0    0    0    0    0    0
recoverpose_inliers_right
     0    0    0    0    0    0
     0    0   11   22    3    0
     0    0    0    9    1    0
     0    0    0    0    0    0
joint_optimization_left
     0    0    0    0    0    0
     0    0    1   16   13    0
     0    0    0    0    6    0
     0    0    0    0    0    0
joint_optimization_right
     0    0    0    0    0    0
     0    0    9   18    2    0
     0    0    0    6    1    0
     0    0    0    0    0    0
holdout_left
     0    0    0    0    0    0
     0    0    0    4    3    0
     0    0    0    0    3    0
     0    0    0    0    0    0
holdout_right
     0    0    0    0    0    0
     0    0    2    4    1    0
     0    0    0    3    0    0
     0    0    0    0    0    0
final_rt_inliers_left
     0    0    0    0    0    0
     0    0    1   20   16    0
     0    0    0    0    9    0
     0    0    0    0    0    0
final_rt_inliers_right
     0    0    0    0    0    0
     0    0   11   22    3    0
     0    0    0    9    1    0
     0    0    0    0    0    0

[MATCH_TABLE]
index,left_x,left_y,right_x,right_y,essential_inlier,recoverpose_inlier,optimization_used,holdout,final_rt_inlier,final_epipolar_px
1,654.273315,458.386993,576.737366,461.082733,1,1,0,1,1,0.309317
2,845.321838,679.948914,626.455261,263.077026,0,0,0,0,0,429.183350
3,836.259705,354.610535,764.402222,357.018280,1,1,1,0,1,0.047616
4,579.935791,376.935120,505.864227,380.630554,0,0,0,0,0,0.828757
5,852.002441,319.562347,783.625427,321.178802,1,1,1,0,1,0.401615
6,704.928589,504.441589,624.501282,506.462189,1,1,1,0,1,1.018022
7,829.031067,383.636810,755.980713,386.047241,1,1,1,0,1,0.052532
8,918.922180,473.978882,840.830261,477.512665,1,1,0,1,1,0.970853
9,890.390869,340.730804,820.632507,340.978577,0,0,0,0,0,1.855775
10,888.514648,415.943848,812.398926,417.709900,1,1,1,0,1,0.830245
11,814.667358,499.923309,734.055054,501.783417,1,1,1,0,1,1.005829
12,854.770996,400.794037,781.818848,402.853882,1,1,1,0,1,0.342536
13,853.802795,376.417603,782.813965,378.824249,1,1,1,0,1,0.148797
14,696.842407,443.898590,619.382812,446.630646,1,1,0,1,1,0.225147
15,870.833862,448.267853,796.530579,450.553253,1,1,1,0,1,0.121762
16,847.345459,412.612885,775.475037,414.060974,1,1,1,0,1,0.857100
17,821.690186,437.669617,748.137817,439.472168,1,1,1,0,1,0.643078
18,956.599976,371.554993,889.958557,373.170410,1,1,1,0,1,0.134363
19,916.360779,490.997681,837.404297,493.267395,1,1,0,1,1,0.305458
20,870.833862,448.267853,796.530579,450.553253,1,1,1,0,1,0.121762
21,905.684814,486.743805,827.096436,489.539978,1,1,1,0,1,0.214375
22,861.772339,425.034180,787.765442,428.163544,1,1,1,0,1,0.681646
23,698.294128,423.392059,622.072449,425.705017,1,1,1,0,1,0.565533
24,835.211304,365.149506,762.777283,367.352203,1,1,0,1,1,0.206805
25,892.038635,432.907745,816.053345,433.912933,0,0,0,0,0,1.539187
26,847.345459,412.612885,775.475037,414.060974,1,1,1,0,1,0.857100
27,831.447815,490.374146,753.300354,493.638702,1,1,1,0,1,0.593547
28,918.922180,473.978882,840.830261,477.512665,1,1,1,0,1,0.970853
29,898.136597,474.962494,821.150085,477.627350,1,1,1,0,1,0.159059
30,850.695496,488.209442,772.574768,491.102173,1,1,0,1,1,0.252384
31,660.486084,429.671417,581.050598,431.013458,0,0,0,0,0,1.852031
32,862.446411,472.798431,785.835144,474.495239,1,1,1,0,1,0.846993
33,686.054993,412.659149,610.375427,415.749939,1,1,1,0,1,0.228048
34,380.850922,376.259796,342.400238,316.680328,0,0,0,0,0,59.183925
35,715.952820,465.807800,637.340393,468.667236,1,1,1,0,1,0.119815
36,666.194397,407.097748,590.143860,409.523163,1,1,1,0,1,0.497865
37,390.167084,337.177887,377.350800,328.732941,1,0,0,0,0,5.912174
38,932.996338,553.490234,850.944153,555.796814,1,1,0,1,1,0.193716
39,891.897766,511.745789,810.045837,514.699158,1,1,1,0,1,0.181351
40,875.118713,512.586670,794.435852,515.225037,1,1,1,0,1,0.069376
41,951.740784,381.280334,884.544189,384.245667,0,0,0,0,0,1.164924
42,635.883911,418.195923,559.713867,419.828644,1,1,1,0,1,1.332436
43,928.314941,548.231018,846.978638,549.803528,1,1,1,0,1,0.909728
44,905.075867,622.415405,822.962341,625.354614,0,0,0,0,0,0.793627
45,928.314941,548.231018,846.978638,549.803528,1,1,0,1,1,0.909728
46,873.782288,580.694519,787.423035,584.958801,0,0,0,0,0,1.453935
47,691.699890,485.588257,611.983459,488.594208,1,1,1,0,1,0.055914
48,947.496216,688.570618,860.295349,696.677734,0,0,0,0,0,6.227107
49,382.984253,316.797760,367.454773,320.628082,0,0,0,0,0,6.143636
50,700.697632,490.392914,622.770996,493.511261,1,1,1,0,1,0.231022
51,898.004150,710.984314,817.698547,712.090149,1,1,1,0,1,0.234055
52,935.313843,600.234314,851.454773,605.495178,0,0,0,0,0,2.908337
53,908.825928,733.295288,813.654419,731.111389,0,0,0,0,0,4.344517
54,938.571594,514.328918,860.095520,516.757690,1,1,1,0,1,0.029991
55,928.314941,548.231018,846.978638,549.803528,1,1,0,1,1,0.909728
56,684.213379,434.165680,606.319214,437.351440,1,1,1,0,1,0.156974
57,898.453247,623.974609,811.160278,626.404968,1,1,1,0,1,0.109685
58,958.471436,450.756226,883.987244,453.648438,1,1,1,0,1,0.622966
59,907.156128,565.872742,824.490417,569.184875,1,1,1,0,1,0.775670
60,949.237061,483.440308,873.427917,486.082977,1,1,0,1,1,0.354748
61,642.700867,399.311890,568.118347,403.283112,0,0,0,0,0,1.133414
