=== RT SIFT DIAGNOSTICS ===
This report describes the selected best frame pair only.
Coordinates are undistorted display pixels: frame_B/UI-left -> frame_A/UI-right.

[SELECTED_PAIR]
video=D:\Lightglue\lg_env\SU01\video_20260729_145714.mp4
frame_left_B=1
frame_right_A=0
shared_markers=1
baseline_mm=21.784249
rt_sift_role=final_rt
rt_sift_applied=True
rt_reliable=True

[PIPELINE_COUNTS]
left_keypoint_count=612
right_keypoint_count=636
left_descriptor_count=612
right_descriptor_count=636
knn_pair_count=612
ratio_pass_count=123
mutual_pass_count=121
spatially_balanced_count=80
essential_ransac_inlier_count=61
recoverpose_inlier_count=61
final_rt_sift_point_count=48
final_rt_feature_inlier_count=54
final_rt_feature_outlier_count=26

[FEATURE_QUALITY]
match_count=80
essential_inlier_count=61
inlier_count=61
inlier_ratio=0.7625
grid_coverage=0.20833333333333334
hull_coverage=0.05341303724188222
parallax_deg=10.862845487882254
homography_ratio=0.7375
planar_degenerate=False
model_epi_px=0.5274889334141553
quality_penalty=0.04166666666666666
quality_ok=True
strong=False
marker_rt_feature_epi_px=3.5547019926600973
final_feature_epi_px=0.26054101850510986
final_feature_inlier_p90_px=1.0018974316894813
final_feature_all_p90_px=2.558193583067932
final_feature_holdout_median_px=0.21399093611712244
marker_bidir_rms_px=0.4098423545337053
marker_left_to_right_rms_px=0.43284069269827224
marker_right_to_left_rms_px=0.38547431287174333
marker_bidir_max_px=0.5852813468469301
marker_pnp_self_reproj_px=0.2711326479911804
joint_solution_role=joint_from_marker_w12
feature_rot_agreement_deg=3.657309835111643
pair_score=0.9259664170827426
combined_score=0.40943955600517756
sharpness_min=66.77271744842582
marker_coverage=0.0003808856424100782

[ACTIVE_THRESHOLDS]
sift_max_keypoints=800
sift_contrast_threshold=0.01
match_ratio=0.75
ransac_threshold_px=0.75
min_matches=11
min_inlier_ratio=0.28
min_grid_coverage=0.16666666666666666
min_hull_coverage=0.02
min_parallax_deg=1.0
strong_inliers=40
strong_grid_coverage=0.25

final_feature_inlier_px=1.5
final_feature_p90_max_px=1.25
marker_bidir_rms_max_px=1.5
marker_bidir_point_max_px=2.0

[FINAL_RT_LEFT_TO_RIGHT]
R0=0.999997525602 -0.000505110589944 -0.00216648404885
R1=0.00050108383158 0.999998146886 -0.0018588007696
R2=0.00216741893406 0.00185771058006 0.999995925595
t_mm=-21.7644595948 0.887057642423 0.273716834064

[GRID_COUNTS_6x4]
raw_keypoints_left
    11  166   14    0    0    0
     0  342   79    0    0    0
     0    0    0    0    0    0
     0    0    0    0    0    0
raw_keypoints_right
    31  171    4    0    0    0
    32  387   11    0    0    0
     0    0    0    0    0    0
     0    0    0    0    0    0
balanced_candidates_left
     0    0    0    0    0    0
     0    0    4   24    6    0
     0    0   16   24    6    0
     0    0    0    0    0    0
balanced_candidates_right
     0    0    0    0    0    0
     0    1   13   20    0    0
     0    1   21   24    0    0
     0    0    0    0    0    0
essential_inliers_left
     0    0    0    0    0    0
     0    0    1   20    3    0
     0    0   11   20    6    0
     0    0    0    0    0    0
essential_inliers_right
     0    0    0    0    0    0
     0    0    7   17    0    0
     0    1   14   22    0    0
     0    0    0    0    0    0
recoverpose_inliers_left
     0    0    0    0    0    0
     0    0    1   20    3    0
     0    0   11   20    6    0
     0    0    0    0    0    0
recoverpose_inliers_right
     0    0    0    0    0    0
     0    0    7   17    0    0
     0    1   14   22    0    0
     0    0    0    0    0    0
joint_optimization_left
     0    0    0    0    0    0
     0    0    1   17    3    0
     0    0    9   13    5    0
     0    0    0    0    0    0
joint_optimization_right
     0    0    0    0    0    0
     0    0    6   15    0    0
     0    1   10   16    0    0
     0    0    0    0    0    0
holdout_left
     0    0    0    0    0    0
     0    0    0    3    0    0
     0    0    2    7    1    0
     0    0    0    0    0    0
holdout_right
     0    0    0    0    0    0
     0    0    1    2    0    0
     0    0    4    6    0    0
     0    0    0    0    0    0
final_rt_inliers_left
     0    0    0    0    0    0
     0    0    1   20    3    0
     0    0    7   18    5    0
     0    0    0    0    0    0
final_rt_inliers_right
     0    0    0    0    0    0
     0    0    7   17    0    0
     0    0    9   21    0    0
     0    0    0    0    0    0

[MATCH_TABLE]
index,left_x,left_y,right_x,right_y,essential_inlier,recoverpose_inlier,optimization_used,holdout,final_rt_inlier,final_epipolar_px
1,802.228394,515.286072,721.524841,517.964355,1,1,0,1,1,0.019395
2,431.020935,699.310181,337.500977,707.657104,1,1,1,0,0,5.573685
3,652.548279,484.848114,572.498962,487.695923,1,1,1,0,1,0.193812
4,879.275391,476.373260,803.334045,479.416199,1,1,1,0,1,0.429198
5,814.041809,567.342590,728.722839,570.047668,1,1,1,0,1,0.057665
6,821.659973,557.679810,737.098389,561.166260,1,1,0,1,1,0.726885
7,821.659973,557.679810,737.098389,561.166260,1,1,1,0,1,0.726885
8,702.279053,463.660828,624.507385,465.608643,1,1,1,0,1,0.666571
9,783.189270,459.414276,704.772766,461.328674,1,1,1,0,1,0.794475
10,832.202393,534.244812,749.742432,537.578552,1,1,1,0,1,0.596719
11,807.985229,566.180603,723.194885,568.974121,1,1,0,1,1,0.051864
12,821.802185,533.535889,738.867859,536.313721,1,1,1,0,1,0.020336
13,720.413147,496.613678,642.880798,499.309906,1,1,1,0,1,0.141764
14,810.721924,493.074463,730.685242,494.752533,1,1,1,0,1,1.048359
15,679.456543,499.385315,600.319702,501.238861,0,0,0,0,0,0.747898
16,786.718689,474.727142,708.900635,477.196594,1,1,1,0,1,0.181587
17,810.721924,493.074463,730.685242,494.752533,1,1,0,1,1,1.048359
18,664.449524,503.182709,583.658264,507.023376,0,0,0,0,0,1.177146
19,823.778687,508.410950,743.751831,510.969818,1,1,1,0,1,0.134674
20,690.217041,484.980469,610.098450,488.474060,1,1,1,0,1,0.813443
21,703.065247,506.798035,623.950073,509.121399,1,1,1,0,1,0.275175
22,767.022278,596.629150,677.680359,599.272278,1,1,1,0,1,0.200570
23,773.592468,540.012207,691.754822,542.588562,1,1,0,1,1,0.098452
24,773.156494,450.199890,696.375793,452.645233,1,1,1,0,1,0.196816
25,892.397034,554.246338,811.129639,558.544800,1,1,1,0,0,1.661733
26,681.623962,466.951233,602.075745,469.009430,1,1,1,0,1,0.620491
27,680.068298,447.809113,603.396484,449.438232,0,0,0,0,0,0.940859
28,783.487732,579.793091,697.413208,582.488220,1,1,1,0,1,0.058475
29,867.473999,416.752472,794.811584,418.742340,0,0,0,0,0,0.593797
30,667.392456,474.224426,588.484070,477.065643,1,1,0,1,1,0.213991
31,752.043518,472.334930,675.090454,474.666565,1,1,1,0,1,0.261872
32,826.557190,516.402161,745.357727,519.285583,1,1,1,0,1,0.156045
33,751.075439,535.128662,672.001038,537.165466,0,0,0,0,0,0.517578
34,782.615417,519.754639,702.531555,519.378357,0,0,0,0,0,3.026752
35,792.059937,456.002472,715.183960,458.544495,1,1,1,0,1,0.106901
36,743.961731,458.844879,666.794861,461.153015,1,1,1,0,1,0.315373
37,698.445679,520.428833,618.877136,523.393738,1,1,0,1,1,0.375531
38,700.223083,746.428040,611.504456,750.463440,0,0,0,0,0,1.729443
39,805.394592,495.760315,725.760498,498.087708,1,1,1,0,1,0.371024
40,585.713867,505.933807,502.479370,508.461121,1,1,1,0,1,0.202304
41,678.328674,524.373291,598.162964,528.507202,1,1,1,0,0,1.533928
42,774.002930,578.736572,688.710571,581.675598,1,1,1,0,1,0.218196
43,826.557190,516.402161,745.357727,519.285583,1,1,0,1,1,0.156045
44,608.123535,580.372620,518.520874,581.865601,1,1,1,0,1,1.388814
45,717.984314,538.289551,635.948792,541.843384,1,1,1,0,1,0.884158
46,778.114685,564.527466,694.519958,567.796509,1,1,1,0,1,0.581637
47,721.932922,463.162994,643.443848,465.686401,1,1,1,0,1,0.139671
48,720.413147,496.613678,642.880798,499.309906,1,1,0,1,1,0.141764
49,703.778870,447.219818,627.231689,448.993073,0,0,0,0,0,0.810240
50,801.823486,560.881042,717.065125,563.625183,1,1,1,0,1,0.010892
51,903.986877,559.375244,822.720703,561.737854,1,1,1,0,1,0.260541
52,648.192627,542.098511,578.592407,536.871704,0,0,0,0,0,7.298061
53,887.256470,418.837524,815.560242,418.842590,0,0,0,0,0,2.544029
54,767.720215,489.421051,688.587158,492.219513,1,1,1,0,1,0.128710
55,826.557190,516.402161,745.357727,519.285583,1,1,1,0,1,0.156045
56,720.226746,621.157837,629.630005,625.851624,1,1,0,1,0,1.874620
57,903.986877,559.375244,822.720703,561.737854,1,1,1,0,1,0.260541
58,575.880615,516.345459,493.394775,516.332520,0,0,0,0,0,2.685679
59,897.995117,521.437439,820.157410,525.115540,1,1,1,0,1,1.092281
60,886.765625,581.177856,802.054016,583.496643,1,1,1,0,1,0.380624
61,610.346497,471.319702,529.721008,475.050995,0,0,0,0,0,1.057146
62,577.535583,550.136047,491.236816,553.768372,0,0,0,0,0,0.842576
63,629.701416,599.846008,541.124939,604.877258,0,0,0,0,0,2.240465
64,631.731140,517.155396,551.308350,520.093140,1,1,1,0,1,0.333223
65,869.623535,573.333679,786.372375,576.131409,1,1,0,1,1,0.138173
66,620.344421,647.943115,527.320557,652.051392,1,1,1,0,1,1.257190
67,901.609375,509.281586,823.442139,511.921082,1,1,1,0,1,0.001026
68,608.854187,659.942078,515.705627,665.738892,1,1,1,0,0,2.975291
69,857.244080,433.669525,782.526062,433.102692,0,0,0,0,0,3.206368
70,586.757019,640.210632,497.216522,644.283752,0,0,0,0,0,1.345492
71,595.673828,584.581177,509.520813,588.349060,1,1,1,0,1,1.051432
72,475.833405,486.671295,408.392059,500.769745,0,0,0,0,0,12.145333
73,602.925476,513.078491,520.045349,514.922791,1,1,0,1,1,0.866208
74,531.003235,530.529846,445.493683,532.405212,1,1,1,0,1,0.893487
75,626.462463,685.094910,530.641113,691.655029,1,1,1,0,0,3.711008
76,611.301270,485.340820,529.600647,488.994110,0,0,0,0,0,0.948164
77,524.946472,564.823425,437.819641,566.077637,1,1,1,0,0,1.528789
78,621.245239,659.830200,528.218140,663.757507,0,0,0,0,0,1.111810
79,886.525330,506.076111,808.335327,508.757263,1,1,1,0,1,0.038744
80,622.664917,518.012207,540.742126,519.980835,1,1,0,1,1,0.698938
