=== RT SIFT DIAGNOSTICS ===
This report describes the selected best frame pair only.
Coordinates are undistorted display pixels: frame_B/UI-left -> frame_A/UI-right.

[SELECTED_PAIR]
video=D:\Lightglue\lg_env\SU01\video_20260729_151856.mp4
frame_left_B=1
frame_right_A=0
shared_markers=1
baseline_mm=58.317698
rt_sift_role=validation_only
rt_sift_applied=False
rt_reliable=False

[PIPELINE_COUNTS]
left_keypoint_count=214
right_keypoint_count=228
left_descriptor_count=214
right_descriptor_count=228
knn_pair_count=214
ratio_pass_count=57
mutual_pass_count=53
spatially_balanced_count=49
essential_ransac_inlier_count=35
recoverpose_inlier_count=35
final_rt_sift_point_count=0
final_rt_feature_inlier_count=0
final_rt_feature_outlier_count=49

[FEATURE_QUALITY]
match_count=49
essential_inlier_count=35
inlier_count=35
inlier_ratio=0.7142857142857143
grid_coverage=0.08333333333333333
hull_coverage=0.03228373506380109
parallax_deg=7.450217399359739
homography_ratio=0.6530612244897959
planar_degenerate=False
model_epi_px=0.5323648941769694
quality_penalty=0.1956026601774126
quality_ok=False
strong=False
marker_rt_feature_epi_px=17.164419528474305
final_feature_epi_px=inf
final_feature_inlier_p90_px=inf
final_feature_all_p90_px=77.28584420525132
final_feature_holdout_median_px=None
marker_bidir_rms_px=0.20180131789358338
marker_left_to_right_rms_px=0.06440402013228141
marker_right_to_left_rms_px=0.27802817482761505
marker_bidir_max_px=0.3009885397837226
marker_pnp_self_reproj_px=0.17015410959720612
joint_solution_role=marker_only
feature_rot_agreement_deg=23.893052021636894
pair_score=0.7835271031759543
combined_score=0.8435082770794711
sharpness_min=44.631765501142944
marker_coverage=0.0009770578759571436

[ACTIVE_THRESHOLDS]
sift_max_keypoints=800
sift_contrast_threshold=0.01
match_ratio=0.75
ransac_threshold_px=0.75
min_matches=11
min_inlier_ratio=0.28
min_grid_coverage=0.16666666666666666
min_hull_coverage=0.02
min_parallax_deg=1.0
strong_inliers=40
strong_grid_coverage=0.25

final_feature_inlier_px=1.5
final_feature_p90_max_px=1.25
marker_bidir_rms_max_px=1.5
marker_bidir_point_max_px=2.0

[FINAL_RT_LEFT_TO_RIGHT]
R0=0.998834268268 0.038359458632 0.0293028406052
R1=-0.0471268534013 0.906317378255 0.419961747737
R2=-0.0104481683834 -0.420853135675 0.907068615911
t_mm=-25.2296532217 -46.1306677814 25.2265734413

[GRID_COUNTS_6x4]
raw_keypoints_left
     5  149   16    0    0    0
     3   35    6    0    0    0
     0    0    0    0    0    0
     0    0    0    0    0    0
raw_keypoints_right
    19  152   13    0    0    0
    13   22    9    0    0    0
     0    0    0    0    0    0
     0    0    0    0    0    0
balanced_candidates_left
     0    0    0    0    0    0
     0    0   17   24    1    0
     0    0    3    4    0    0
     0    0    0    0    0    0
balanced_candidates_right
     0    0    0    0    0    0
     0    2   24   17    1    0
     0    2    2    1    0    0
     0    0    0    0    0    0
essential_inliers_left
     0    0    0    0    0    0
     0    0   17   18    0    0
     0    0    0    0    0    0
     0    0    0    0    0    0
essential_inliers_right
     0    0    0    0    0    0
     0    1   22   12    0    0
     0    0    0    0    0    0
     0    0    0    0    0    0
recoverpose_inliers_left
     0    0    0    0    0    0
     0    0   17   18    0    0
     0    0    0    0    0    0
     0    0    0    0    0    0
recoverpose_inliers_right
     0    0    0    0    0    0
     0    1   22   12    0    0
     0    0    0    0    0    0
     0    0    0    0    0    0
joint_optimization_left
     0    0    0    0    0    0
     0    0    0    0    0    0
     0    0    0    0    0    0
     0    0    0    0    0    0
joint_optimization_right
     0    0    0    0    0    0
     0    0    0    0    0    0
     0    0    0    0    0    0
     0    0    0    0    0    0
holdout_left
     0    0    0    0    0    0
     0    0    0    0    0    0
     0    0    0    0    0    0
     0    0    0    0    0    0
holdout_right
     0    0    0    0    0    0
     0    0    0    0    0    0
     0    0    0    0    0    0
     0    0    0    0    0    0
final_rt_inliers_left
     0    0    0    0    0    0
     0    0    0    0    0    0
     0    0    0    0    0    0
     0    0    0    0    0    0
final_rt_inliers_right
     0    0    0    0    0    0
     0    0    0    0    0    0
     0    0    0    0    0    0
     0    0    0    0    0    0

[MATCH_TABLE]
index,left_x,left_y,right_x,right_y,essential_inlier,recoverpose_inlier,optimization_used,holdout,final_rt_inlier,final_epipolar_px
1,573.014465,356.913269,500.529266,358.832916,1,1,0,0,0,4.882745
2,702.769348,320.750580,633.788513,321.810089,1,1,0,0,0,37.765355
3,712.077454,327.357697,644.005249,329.253784,1,1,0,0,0,39.367103
4,737.672485,392.086914,664.374634,393.707306,1,1,0,0,0,27.719821
5,707.818176,271.227844,425.260925,318.731995,0,0,0,0,0,207.013209
6,660.650818,563.557983,580.139648,566.759521,0,0,0,0,0,2.076117
7,585.721924,450.683716,506.569733,453.066437,1,1,0,0,0,10.759101
8,728.250610,356.507019,659.402527,358.238800,1,1,0,0,0,36.712504
9,727.544250,539.633240,649.280945,542.653442,0,0,0,0,0,5.235574
10,728.250610,356.507019,659.402527,358.238800,1,1,0,0,0,36.712504
11,431.208923,329.351288,358.043457,331.769501,1,1,0,0,0,47.603969
12,542.884827,425.052460,466.059113,427.772003,1,1,0,0,0,16.973491
13,744.693359,367.160950,672.539795,369.953949,0,0,0,0,0,34.222059
14,563.981323,372.595062,489.361664,374.386292,1,1,0,0,0,9.944970
15,727.965149,416.135254,653.054504,418.791840,1,1,0,0,0,20.140379
16,696.093933,513.027161,616.304504,516.243469,0,0,0,0,0,2.161161
17,561.168884,447.579193,483.388275,451.948608,1,1,0,0,0,14.267396
18,698.255188,328.410980,630.575317,330.929016,1,1,0,0,0,35.730512
19,739.995667,422.354492,665.481262,424.558289,1,1,0,0,0,21.903111
20,634.593140,451.512726,556.987122,455.210266,1,1,0,0,0,1.524597
21,726.296021,436.674866,649.331177,439.550781,1,1,0,0,0,15.039225
22,771.922607,279.492218,713.080688,282.062195,1,1,0,0,0,77.285844
23,547.142639,407.476379,470.685516,409.149170,1,1,0,0,0,15.841367
24,540.845703,389.142761,465.881195,391.254913,1,1,0,0,0,16.086488
25,789.566223,501.443787,685.154846,511.197998,0,0,0,0,0,14.708078
26,575.041077,342.916565,503.399200,343.402039,1,1,0,0,0,2.218240
27,687.047913,455.727142,608.771606,457.928894,1,1,0,0,0,6.217746
28,771.922607,279.492218,713.080688,282.062195,1,1,0,0,0,77.285844
29,713.059875,341.365601,644.116272,343.544098,1,1,0,0,0,35.763917
30,659.821838,317.606781,592.385498,319.137360,1,1,0,0,0,28.146754
31,606.477234,324.342743,537.026917,325.473969,1,1,0,0,0,10.217787
32,492.318085,594.601624,424.111450,590.612793,0,0,0,0,0,3.114261
33,680.506592,309.751526,569.819458,311.415283,0,0,0,0,0,11.872808
34,644.001099,386.217560,569.630493,388.710999,1,1,0,0,0,7.878828
35,631.527832,328.800201,562.951965,331.547241,1,1,0,0,0,16.964073
36,525.437195,390.257477,449.834717,391.844666,1,1,0,0,0,20.261759
37,689.766907,461.744659,609.993164,464.015839,1,1,0,0,0,4.640898
38,534.433655,419.807892,455.636292,421.875183,1,1,0,0,0,20.812751
39,567.104736,364.297638,494.900421,367.015289,1,1,0,0,0,6.642937
40,737.461304,345.391602,668.563538,346.966003,1,1,0,0,0,41.079348
41,874.209290,260.348419,839.627075,261.832794,0,0,0,0,0,138.873261
42,676.375427,467.369659,598.655579,469.568970,0,0,0,0,0,4.490082
43,633.898926,446.518768,555.220947,449.003876,1,1,0,0,0,2.138903
44,735.775757,410.030426,662.102783,411.926178,1,1,0,0,0,24.000810
45,592.780151,491.493988,538.150513,499.663727,1,1,0,0,0,14.265944
46,751.749390,407.252075,681.097473,412.028870,0,0,0,0,0,28.867663
47,429.838593,647.488464,819.150757,493.147980,0,0,0,0,0,500.240188
48,748.889282,751.063049,952.754150,294.050842,0,0,0,0,0,503.741822
49,484.609344,584.142761,392.199249,579.836426,0,0,0,0,0,23.351655
