=== RT SIFT DIAGNOSTICS ===
This report describes the selected best frame pair only.
Coordinates are undistorted display pixels: frame_B/UI-left -> frame_A/UI-right.

[SELECTED_PAIR]
video=SU01\video_20260729_152604.mp4
frame_left_B=1
frame_right_A=0
shared_markers=1
baseline_mm=71.021799
rt_sift_role=validation_only
rt_sift_applied=False
rt_reliable=False

[PIPELINE_COUNTS]
left_keypoint_count=227
right_keypoint_count=244
left_descriptor_count=227
right_descriptor_count=244
knn_pair_count=227
ratio_pass_count=64
mutual_pass_count=58
spatially_balanced_count=47
essential_ransac_inlier_count=33
recoverpose_inlier_count=32
final_rt_sift_point_count=0
final_rt_feature_inlier_count=0
final_rt_feature_outlier_count=47

[FEATURE_QUALITY]
match_count=47
essential_inlier_count=33
inlier_count=32
inlier_ratio=0.6808510638297872
grid_coverage=0.125
hull_coverage=0.03774831163920141
parallax_deg=6.495628173477226
homography_ratio=0.6170212765957447
planar_degenerate=False
model_epi_px=0.26663897313961793
quality_penalty=0.13344383135299473
quality_ok=False
strong=False
marker_rt_feature_epi_px=28.467769121000725
final_feature_epi_px=inf
final_feature_inlier_p90_px=inf
final_feature_all_p90_px=76.86611347921576
final_feature_holdout_median_px=None
marker_bidir_rms_px=0.2532928322714065
marker_left_to_right_rms_px=0.05843152195875929
marker_right_to_left_rms_px=0.35341233000805833
marker_bidir_max_px=0.3677418022413111
marker_pnp_self_reproj_px=0.20421667397022247
joint_solution_role=marker_only
feature_rot_agreement_deg=29.494824307909525
pair_score=0.7876385512586689
combined_score=0.8372838319403546
sharpness_min=49.240864560452756
marker_coverage=0.0009473216402184903

[ACTIVE_THRESHOLDS]
sift_max_keypoints=800
sift_contrast_threshold=0.01
match_ratio=0.75
ransac_threshold_px=0.75
min_matches=11
min_inlier_ratio=0.28
min_grid_coverage=0.16666666666666666
min_hull_coverage=0.02
min_parallax_deg=1.0
strong_inliers=40
strong_grid_coverage=0.25

final_feature_inlier_px=1.5
final_feature_p90_max_px=1.25
marker_bidir_rms_max_px=1.5
marker_bidir_point_max_px=2.0

[FINAL_RT_LEFT_TO_RIGHT]
R0=0.985375844224 0.0656824562785 0.157226780663
R1=-0.130196999881 0.885483545396 0.446057879713
R2=-0.109923549991 -0.460005114938 0.881085754843
t_mm=-41.4465812846 -51.6742245607 25.6135004773

[GRID_COUNTS_6x4]
raw_keypoints_left
     8  124   22    0    0    0
     0   50   23    0    0    0
     0    0    0    0    0    0
     0    0    0    0    0    0
raw_keypoints_right
    11  135   22    0    0    0
     0   64   12    0    0    0
     0    0    0    0    0    0
     0    0    0    0    0    0
balanced_candidates_left
     0    0    0    0    0    0
     0    2    3   24    8    0
     0    0    0    9    1    0
     0    0    0    0    0    0
balanced_candidates_right
     0    0    0    0    0    0
     0    1    9   24    4    0
     0    0    2    7    0    0
     0    0    0    0    0    0
essential_inliers_left
     0    0    0    0    0    0
     0    1    2   20    5    0
     0    0    0    4    1    0
     0    0    0    0    0    0
essential_inliers_right
     0    0    0    0    0    0
     0    1    6   21    0    0
     0    0    0    5    0    0
     0    0    0    0    0    0
recoverpose_inliers_left
     0    0    0    0    0    0
     0    0    2   20    5    0
     0    0    0    4    1    0
     0    0    0    0    0    0
recoverpose_inliers_right
     0    0    0    0    0    0
     0    0    6   21    0    0
     0    0    0    5    0    0
     0    0    0    0    0    0
joint_optimization_left
     0    0    0    0    0    0
     0    0    0    0    0    0
     0    0    0    0    0    0
     0    0    0    0    0    0
joint_optimization_right
     0    0    0    0    0    0
     0    0    0    0    0    0
     0    0    0    0    0    0
     0    0    0    0    0    0
holdout_left
     0    0    0    0    0    0
     0    0    0    0    0    0
     0    0    0    0    0    0
     0    0    0    0    0    0
holdout_right
     0    0    0    0    0    0
     0    0    0    0    0    0
     0    0    0    0    0    0
     0    0    0    0    0    0
final_rt_inliers_left
     0    0    0    0    0    0
     0    0    0    0    0    0
     0    0    0    0    0    0
     0    0    0    0    0    0
final_rt_inliers_right
     0    0    0    0    0    0
     0    0    0    0    0    0
     0    0    0    0    0    0
     0    0    0    0    0    0

[MATCH_TABLE]
index,left_x,left_y,right_x,right_y,essential_inlier,recoverpose_inlier,optimization_used,holdout,final_rt_inlier,final_epipolar_px
1,778.596558,483.523346,699.937988,485.424683,1,1,0,0,0,11.470006
2,774.024902,301.925812,789.766541,336.296844,0,0,0,0,0,117.428159
3,819.854858,475.019409,741.605530,476.893646,1,1,0,0,0,13.225621
4,783.068665,273.272186,717.547058,272.908630,0,0,0,0,0,83.826311
5,857.440918,454.884216,782.224487,457.217224,1,1,0,0,0,19.134287
6,705.433167,573.785706,606.719177,566.111572,0,0,0,0,0,10.181480
7,907.660828,340.997101,872.494263,358.208954,0,0,0,0,0,75.624407
8,755.417480,476.131256,675.838806,478.415497,1,1,0,0,0,11.297512
9,685.867004,448.915863,608.069885,450.867279,1,1,0,0,0,13.498283
10,689.761414,437.804260,612.483948,440.170013,1,1,0,0,0,15.717705
11,826.994629,638.707703,621.382080,578.348022,0,0,0,0,0,78.728674
12,844.589600,393.886292,773.827454,395.415009,1,1,0,0,0,39.787809
13,704.402405,349.783844,634.724365,351.362152,1,1,0,0,0,43.104797
14,786.397217,620.292908,707.450562,623.512817,1,1,0,0,0,4.044130
15,849.672607,413.961578,776.527649,415.515503,1,1,0,0,0,32.042555
16,635.387329,272.939545,575.354370,273.039642,1,1,0,0,0,63.252633
17,853.826416,435.942230,781.832092,437.580536,1,1,0,0,0,27.039236
18,854.137634,403.056610,782.996460,405.088623,1,1,0,0,0,36.506076
19,841.937195,463.239563,766.113403,465.895813,1,1,0,0,0,16.844747
20,713.540771,344.762848,643.548279,346.602386,1,1,0,0,0,45.153209
21,719.510864,389.180115,645.904724,391.172333,1,1,0,0,0,31.310121
22,856.995361,400.549469,785.477173,403.635010,1,1,0,0,0,36.195105
23,747.372620,487.853119,666.331421,490.169189,1,1,0,0,0,8.062762
24,724.001587,485.142151,646.613770,488.211517,1,1,0,0,0,10.499009
25,745.880066,333.657166,676.867859,334.813843,1,1,0,0,0,53.609252
26,656.790710,368.277740,584.823975,370.055481,1,1,0,0,0,29.799770
27,840.665100,388.126251,769.667114,390.262238,1,1,0,0,0,40.809050
28,764.016479,407.134674,689.355347,409.390472,1,1,0,0,0,29.482281
29,769.907471,335.053375,700.263672,337.010742,1,1,0,0,0,54.512853
30,711.403076,454.121216,631.737610,454.481415,0,0,0,0,0,13.864232
31,841.169739,650.996765,458.701019,504.204712,0,0,0,0,0,187.091692
32,802.136841,340.942627,734.380493,342.549683,1,1,0,0,0,57.175927
33,889.179504,641.919800,804.817749,644.846863,1,1,0,0,0,20.937898
34,719.128296,335.081696,649.288940,336.799713,1,1,0,0,0,48.813181
35,796.534546,484.506256,717.461426,486.274567,0,0,0,0,0,11.040410
36,815.607788,524.189087,730.632446,527.335571,1,1,0,0,0,1.509724
37,865.156555,435.607666,791.034058,438.192017,1,1,0,0,0,24.536267
38,635.387329,272.939545,575.354370,273.039642,1,1,0,0,0,63.252633
39,342.766144,389.779968,334.859192,388.981293,1,0,0,0,0,19.490430
40,330.192383,504.758484,895.980469,318.164978,0,0,0,0,0,679.859856
41,543.765747,463.562500,466.438202,463.788605,0,0,0,0,0,3.931240
42,790.288025,519.070374,711.178467,522.404480,1,1,0,0,0,4.750784
43,958.808533,402.723541,895.120728,402.518066,0,0,0,0,0,41.456941
44,841.171753,555.797424,760.916870,560.345093,0,0,0,0,0,4.239011
45,817.337341,595.032593,733.330017,597.359924,0,0,0,0,0,8.485607
46,802.258789,520.134094,721.783203,523.479553,1,1,0,0,0,3.144723
47,945.851135,365.888092,911.878052,380.620941,0,0,0,0,0,67.698550
