=== RT SIFT DIAGNOSTICS ===
This report describes the selected best frame pair only.
Coordinates are undistorted display pixels: frame_B/UI-left -> frame_A/UI-right.

[SELECTED_PAIR]
video=D:\Lightglue\lg_env\SU01\video_20260729_150648.mp4
frame_left_B=1
frame_right_A=0
shared_markers=1
baseline_mm=22.047818
rt_sift_role=validation_only
rt_sift_applied=False
rt_reliable=True

[PIPELINE_COUNTS]
left_keypoint_count=309
right_keypoint_count=331
left_descriptor_count=309
right_descriptor_count=331
knn_pair_count=309
ratio_pass_count=65
mutual_pass_count=58
spatially_balanced_count=52
essential_ransac_inlier_count=44
recoverpose_inlier_count=44
final_rt_sift_point_count=0
final_rt_feature_inlier_count=26
final_rt_feature_outlier_count=26

[FEATURE_QUALITY]
match_count=52
essential_inlier_count=44
inlier_count=44
inlier_ratio=0.8461538461538461
grid_coverage=0.16666666666666666
hull_coverage=0.03877160997810947
parallax_deg=10.460956333845129
homography_ratio=0.8461538461538461
planar_degenerate=False
model_epi_px=0.31689502061831676
quality_penalty=0.08793979591542285
quality_ok=True
strong=False
marker_rt_feature_epi_px=1.101066043970941
final_feature_epi_px=0.6583411346303264
final_feature_inlier_p90_px=1.1288608695496023
final_feature_all_p90_px=3.088591270059774
final_feature_holdout_median_px=1.0729303529852414
marker_bidir_rms_px=0.09906330886068827
marker_left_to_right_rms_px=0.09834918004397848
marker_right_to_left_rms_px=0.09977232637126059
marker_bidir_max_px=0.1008383108462549
marker_pnp_self_reproj_px=0.09905479848384857
joint_solution_role=marker_only
feature_rot_agreement_deg=1.1007563415392534
pair_score=0.8860386546979833
combined_score=0.29478587223986297
sharpness_min=45.466637504659595
marker_coverage=0.0005890524777818484

[ACTIVE_THRESHOLDS]
sift_max_keypoints=800
sift_contrast_threshold=0.01
match_ratio=0.75
ransac_threshold_px=0.75
min_matches=11
min_inlier_ratio=0.28
min_grid_coverage=0.16666666666666666
min_hull_coverage=0.02
min_parallax_deg=1.0
strong_inliers=40
strong_grid_coverage=0.25

final_feature_inlier_px=1.5
final_feature_p90_max_px=1.25
marker_bidir_rms_max_px=1.5
marker_bidir_point_max_px=2.0

[FINAL_RT_LEFT_TO_RIGHT]
R0=0.999955531295 -0.00261887783428 0.00905963088926
R1=0.00256658030099 0.999980005355 0.00577940789278
R2=-0.00907458530838 -0.00575589861981 0.999942259099
t_mm=-22.0435888999 -0.380279847543 0.204614303103

[GRID_COUNTS_6x4]
raw_keypoints_left
    21   70    0    0    0    0
     6  196   16    0    0    0
     0    0    0    0    0    0
     0    0    0    0    0    0
raw_keypoints_right
    14   76    4    0    0    0
    19  217    1    0    0    0
     0    0    0    0    0    0
     0    0    0    0    0    0
balanced_candidates_left
     0    0    0    0    0    0
     0    0    8   10    0    0
     0    0   13   21    0    0
     0    0    0    0    0    0
balanced_candidates_right
     0    0    0    0    0    0
     0    0   13    7    0    0
     0    0   24    8    0    0
     0    0    0    0    0    0
essential_inliers_left
     0    0    0    0    0    0
     0    0    7   10    0    0
     0    0   12   15    0    0
     0    0    0    0    0    0
essential_inliers_right
     0    0    0    0    0    0
     0    0   12    5    0    0
     0    0   21    6    0    0
     0    0    0    0    0    0
recoverpose_inliers_left
     0    0    0    0    0    0
     0    0    7   10    0    0
     0    0   12   15    0    0
     0    0    0    0    0    0
recoverpose_inliers_right
     0    0    0    0    0    0
     0    0   12    5    0    0
     0    0   21    6    0    0
     0    0    0    0    0    0
joint_optimization_left
     0    0    0    0    0    0
     0    0    6    8    0    0
     0    0   10   11    0    0
     0    0    0    0    0    0
joint_optimization_right
     0    0    0    0    0    0
     0    0   10    4    0    0
     0    0   15    6    0    0
     0    0    0    0    0    0
holdout_left
     0    0    0    0    0    0
     0    0    1    2    0    0
     0    0    2    4    0    0
     0    0    0    0    0    0
holdout_right
     0    0    0    0    0    0
     0    0    2    1    0    0
     0    0    6    0    0    0
     0    0    0    0    0    0
final_rt_inliers_left
     0    0    0    0    0    0
     0    0    6   10    0    0
     0    0    0   10    0    0
     0    0    0    0    0    0
final_rt_inliers_right
     0    0    0    0    0    0
     0    0   11    5    0    0
     0    0    4    6    0    0
     0    0    0    0    0    0

[MATCH_TABLE]
index,left_x,left_y,right_x,right_y,essential_inlier,recoverpose_inlier,optimization_used,holdout,final_rt_inlier,final_epipolar_px
1,688.748718,444.016937,610.261047,446.321381,1,1,0,1,1,0.675828
2,563.782715,552.410034,477.634521,555.805786,1,1,0,0,0,2.633892
3,647.822021,433.047882,569.856995,435.550476,1,1,0,0,1,0.891541
4,557.571716,533.921326,471.888092,537.507324,1,1,0,0,0,2.769786
5,738.143066,490.495789,655.786560,491.989258,1,1,0,0,1,0.060879
6,635.407410,639.444397,542.205444,643.283752,1,1,0,1,0,3.059002
7,772.562500,564.216187,685.939148,565.972595,1,1,0,0,1,0.202227
8,742.959351,497.787811,660.885986,499.353607,1,1,0,0,1,0.002877
9,752.041016,490.853973,671.138611,492.976288,1,1,0,0,1,0.504907
10,710.013794,680.436890,614.863281,683.767395,1,1,0,0,0,2.129126
11,751.703918,543.277344,667.787354,547.866028,0,0,0,0,0,3.063554
12,728.916504,464.610321,649.597473,466.886047,1,1,0,1,1,0.640215
13,616.859741,439.783661,539.568787,442.300537,1,1,0,0,1,0.974807
14,676.143860,437.827820,598.122192,439.769653,1,1,0,0,1,0.304124
15,557.250854,567.666138,469.278107,570.498901,1,1,0,0,0,2.185322
16,709.444824,439.772858,630.675903,441.494171,1,1,0,0,1,0.048452
17,715.716675,677.716736,620.067810,682.078491,0,0,0,0,0,3.140539
18,615.451050,449.174286,537.651306,451.302856,1,1,0,1,1,0.640854
19,788.599670,532.286560,705.298889,529.369995,0,0,0,0,0,4.577882
20,588.385925,466.199554,507.250153,466.934448,0,0,0,0,0,0.558968
21,591.758118,483.355804,510.518768,485.651611,1,1,0,0,1,1.076915
22,746.178711,642.175964,653.162476,644.596863,1,1,0,0,1,1.031340
23,612.447571,623.527771,520.328247,626.745667,1,1,0,0,0,2.524056
24,583.822693,486.319946,502.537384,488.350586,1,1,0,0,1,0.845528
25,704.862061,690.028137,609.876831,693.157410,1,1,0,1,0,1.938373
26,618.072632,624.448425,525.916077,627.310547,1,1,0,0,0,2.140759
27,605.710693,607.382385,513.925110,610.506897,1,1,0,0,0,2.435315
28,759.813293,567.463196,671.261475,568.124817,1,1,0,0,1,0.803532
29,742.831909,665.070557,648.053162,666.909729,1,1,0,0,1,0.464169
30,725.977234,647.654541,633.554565,649.660156,1,1,0,1,1,0.705332
31,679.481262,703.896057,583.649475,707.906494,1,1,0,0,0,2.977405
32,564.682190,563.882812,477.915771,566.341125,1,1,0,0,0,1.742348
33,728.656250,665.518677,635.484802,669.919495,0,0,0,0,0,3.068874
34,605.932922,626.762085,515.309509,629.779480,1,1,0,0,0,2.328499
35,567.592834,582.056885,479.145081,585.784912,1,1,0,0,0,3.090782
36,577.256165,581.538330,488.222290,584.463867,1,1,0,1,0,2.255457
37,797.051331,587.592529,710.793396,588.647095,1,1,0,0,1,0.635657
38,768.739990,612.169189,679.806580,614.063904,1,1,0,0,1,0.350931
39,564.519775,507.084106,479.724854,510.129242,1,1,0,0,0,2.075742
40,671.993042,658.378601,577.459961,661.338318,1,1,0,0,0,2.000258
41,726.839966,678.434937,631.545593,680.804382,1,1,0,1,1,1.072930
42,668.635498,429.405823,591.115723,431.452637,1,1,0,0,1,0.379984
43,603.423767,468.406647,523.790649,470.841095,1,1,0,0,1,1.092259
44,663.232788,541.929810,577.550171,544.268005,1,1,0,0,1,1.165462
45,595.549988,593.256897,504.721771,596.432007,1,1,0,0,0,2.487951
46,671.240356,667.674133,576.434998,671.090088,1,1,0,1,0,2.459634
47,783.128235,519.278320,680.808167,475.685669,0,0,0,0,0,44.872373
48,731.987671,644.485413,639.797607,647.302734,1,1,0,0,1,1.482764
49,615.485535,663.944214,541.528198,681.452026,0,0,0,0,0,16.409067
50,592.898254,504.288483,510.429901,505.861603,1,1,0,0,1,0.459142
51,780.034973,640.402222,688.222595,490.306000,0,0,0,0,0,151.605635
52,722.210144,343.430359,655.574036,347.042816,1,1,0,0,1,1.360046
