=== RT SIFT DIAGNOSTICS ===
This report describes the selected best frame pair only.
Coordinates are undistorted display pixels: frame_B/UI-left -> frame_A/UI-right.

[SELECTED_PAIR]
video=D:\Lightglue\lg_env\SU01\video_20260729_145150.mp4
frame_left_B=1
frame_right_A=0
shared_markers=1
baseline_mm=22.687503
rt_sift_role=validation_only
rt_sift_applied=False
rt_reliable=True

[PIPELINE_COUNTS]
left_keypoint_count=424
right_keypoint_count=423
left_descriptor_count=424
right_descriptor_count=423
knn_pair_count=424
ratio_pass_count=126
mutual_pass_count=122
spatially_balanced_count=51
essential_ransac_inlier_count=39
recoverpose_inlier_count=39
final_rt_sift_point_count=0
final_rt_feature_inlier_count=32
final_rt_feature_outlier_count=19

[FEATURE_QUALITY]
match_count=51
essential_inlier_count=39
inlier_count=39
inlier_ratio=0.7647058823529411
grid_coverage=0.16666666666666666
hull_coverage=0.06311339531177076
parallax_deg=9.985530943601733
homography_ratio=0.7450980392156863
planar_degenerate=False
model_epi_px=0.4025301073659515
quality_penalty=0.08333333333333334
quality_ok=True
strong=False
marker_rt_feature_epi_px=0.6932966385640122
final_feature_epi_px=0.6104865665790558
final_feature_inlier_p90_px=1.1664303975475905
final_feature_all_p90_px=2.9215121447832537
final_feature_holdout_median_px=0.6405544714270489
marker_bidir_rms_px=0.03713209876140149
marker_left_to_right_rms_px=0.03935323372424933
marker_right_to_left_rms_px=0.03476936168953283
marker_bidir_max_px=0.040003363229146056
marker_pnp_self_reproj_px=0.03706103935837746
joint_solution_role=marker_only
feature_rot_agreement_deg=1.7487215522866117
pair_score=0.7039630767490154
combined_score=0.2842517204683327
sharpness_min=56.99637827083875
marker_coverage=0.0008472617559377227

[ACTIVE_THRESHOLDS]
sift_max_keypoints=800
sift_contrast_threshold=0.01
match_ratio=0.75
ransac_threshold_px=0.75
min_matches=11
min_inlier_ratio=0.28
min_grid_coverage=0.16666666666666666
min_hull_coverage=0.02
min_parallax_deg=1.0
strong_inliers=40
strong_grid_coverage=0.25

final_feature_inlier_px=1.5
final_feature_p90_max_px=1.25
marker_bidir_rms_max_px=1.5
marker_bidir_point_max_px=2.0

[FINAL_RT_LEFT_TO_RIGHT]
R0=0.999866059157 0.00632982613442 0.0150929469502
R1=-0.00626124825607 0.999969879316 -0.00458663617847
R2=-0.0151215249498 0.00449152115278 0.99987557512
t_mm=-22.6588451406 1.09574267489 -0.314444887739

[GRID_COUNTS_6x4]
raw_keypoints_left
    21  350    5    0    0    0
     6   22   20    0    0    0
     0    0    0    0    0    0
     0    0    0    0    0    0
raw_keypoints_right
    91  294    4    0    0    0
     7   20    7    0    0    0
     0    0    0    0    0    0
     0    0    0    0    0    0
balanced_candidates_left
     0    0    0    0    0    0
     0    1   21   24    0    0
     0    1    2    0    2    0
     0    0    0    0    0    0
balanced_candidates_right
     0    0    0    0    0    0
     0   12   24   10    0    0
     0    1    2    1    1    0
     0    0    0    0    0    0
essential_inliers_left
     0    0    0    0    0    0
     0    0   16   21    0    0
     0    1    1    0    0    0
     0    0    0    0    0    0
essential_inliers_right
     0    0    0    0    0    0
     0    6   24    7    0    0
     0    1    1    0    0    0
     0    0    0    0    0    0
recoverpose_inliers_left
     0    0    0    0    0    0
     0    0   16   21    0    0
     0    1    1    0    0    0
     0    0    0    0    0    0
recoverpose_inliers_right
     0    0    0    0    0    0
     0    6   24    7    0    0
     0    1    1    0    0    0
     0    0    0    0    0    0
joint_optimization_left
     0    0    0    0    0    0
     0    0   12   17    0    0
     0    1    1    0    0    0
     0    0    0    0    0    0
joint_optimization_right
     0    0    0    0    0    0
     0    5   19    5    0    0
     0    1    1    0    0    0
     0    0    0    0    0    0
holdout_left
     0    0    0    0    0    0
     0    0    4    4    0    0
     0    0    0    0    0    0
     0    0    0    0    0    0
holdout_right
     0    0    0    0    0    0
     0    1    5    2    0    0
     0    0    0    0    0    0
     0    0    0    0    0    0
final_rt_inliers_left
     0    0    0    0    0    0
     0    0   13   17    0    0
     0    1    1    0    0    0
     0    0    0    0    0    0
final_rt_inliers_right
     0    0    0    0    0    0
     0    3   23    4    0    0
     0    1    1    0    0    0
     0    0    0    0    0    0

[MATCH_TABLE]
index,left_x,left_y,right_x,right_y,essential_inlier,recoverpose_inlier,optimization_used,holdout,final_rt_inlier,final_epipolar_px
1,551.908203,257.564148,484.536591,259.570129,1,1,0,1,1,0.778449
2,557.280457,571.789917,477.511627,575.899292,1,1,0,0,1,0.884670
3,656.045837,274.906311,587.422302,276.845093,1,1,0,0,1,0.592626
4,766.014526,404.582336,692.757263,406.850403,1,1,0,0,1,1.332617
5,574.081360,298.267670,502.836365,299.889496,1,1,0,0,1,1.097683
6,675.337219,381.216675,599.664429,383.695953,1,1,0,1,1,0.571583
7,694.205627,362.849426,620.278198,364.580444,1,1,0,0,1,0.208110
8,615.877136,284.360229,545.625671,286.143250,1,1,0,0,1,0.259064
9,689.549194,362.861328,615.679871,364.412750,1,1,0,0,1,0.022476
10,425.759674,566.082031,342.104919,569.113708,1,1,0,0,1,1.215881
11,684.502686,325.699371,613.250671,327.658386,1,1,0,1,1,0.628347
12,783.885681,430.246613,709.683228,431.630005,0,0,0,0,0,0.413826
13,689.549194,362.861328,615.679871,364.412750,1,1,0,0,1,0.022476
14,751.948120,397.140625,678.353760,399.574768,1,1,0,0,1,1.381281
15,655.026367,380.690765,581.020447,382.268066,1,1,0,0,1,0.468958
16,663.468079,282.422821,594.259399,284.237762,1,1,0,0,1,0.511645
17,771.269348,417.786072,696.869934,420.603333,1,1,0,1,0,1.790207
18,597.935242,331.822876,527.797546,334.575989,1,1,0,0,1,0.338226
19,688.019226,402.246277,611.984863,405.949341,1,1,0,0,0,1.828001
20,690.191772,347.979340,617.772156,350.211304,1,1,0,0,1,0.805522
21,551.682373,317.941284,480.219391,320.073761,1,1,0,0,1,0.934678
22,512.578247,497.162903,430.375366,500.909119,1,1,0,1,1,0.124936
23,689.821289,305.520477,619.042664,307.096954,1,1,0,0,1,0.444837
24,673.185608,279.369720,603.416199,280.661041,1,1,0,0,1,0.117734
25,511.093262,309.823334,439.526978,312.376038,1,1,0,0,1,1.070187
26,600.249207,401.918182,523.482605,404.662170,1,1,0,0,1,0.094280
27,631.085876,287.375458,562.110229,289.115753,1,1,0,1,1,0.034465
28,700.257263,337.574005,627.609131,339.467560,1,1,0,0,1,0.633169
29,600.249207,401.918182,523.482605,404.662170,1,1,0,0,1,0.094280
30,640.753906,303.578979,570.805786,305.484650,1,1,0,0,1,0.155788
31,740.422852,373.828430,668.255493,375.603973,1,1,0,0,1,0.811702
32,722.897278,403.374176,647.884033,405.487091,1,1,0,1,1,0.652762
33,395.472595,343.041382,320.637482,348.820038,0,0,0,0,0,0.515914
34,435.508179,336.432220,360.612579,338.277283,1,1,0,0,0,2.921512
35,738.518127,259.903381,671.724731,261.467712,1,1,0,0,0,1.608250
36,719.348938,415.546326,642.994507,416.775360,0,0,0,0,0,0.392241
37,751.059326,435.765564,673.829590,439.384247,1,1,0,0,0,2.145002
38,493.135498,476.530396,413.639618,481.698578,0,0,0,0,0,1.217999
39,915.742798,668.717102,835.722473,671.376282,0,0,0,0,0,0.477303
40,750.784485,423.661224,675.260498,426.007172,0,0,0,0,0,1.029774
41,492.481934,338.642090,416.882996,341.519531,1,1,0,0,1,1.174069
42,467.779968,488.575195,386.038025,491.729584,1,1,0,1,1,1.091005
43,456.171722,472.383575,376.778870,471.925323,0,0,0,0,0,4.749684
44,494.654633,323.124054,421.829315,325.140656,1,1,0,0,0,1.884560
45,625.564941,629.943359,545.398193,632.450623,0,0,0,0,0,0.300509
46,502.010101,443.371979,423.681213,444.213593,0,0,0,0,0,3.058146
47,503.373810,381.080109,425.229950,381.827637,0,0,0,0,0,3.244445
48,433.184784,327.607056,362.316986,327.382874,0,0,0,0,0,4.849848
49,488.308014,492.490906,406.524658,495.861908,1,1,0,0,1,0.690194
50,482.487366,454.742523,402.444427,456.501953,1,1,0,0,0,2.386447
51,938.985535,618.982239,957.387756,683.041931,0,0,0,0,0,67.745748
