=== RT SIFT DIAGNOSTICS ===
This report describes the selected best frame pair only.
Coordinates are undistorted display pixels: frame_B/UI-left -> frame_A/UI-right.

[SELECTED_PAIR]
video=D:\Lightglue\lg_env\SU01\video_20260729_150509.mp4
frame_left_B=1
frame_right_A=0
shared_markers=1
baseline_mm=22.053866
rt_sift_role=final_rt
rt_sift_applied=True
rt_reliable=True

[PIPELINE_COUNTS]
left_keypoint_count=392
right_keypoint_count=430
left_descriptor_count=392
right_descriptor_count=430
knn_pair_count=392
ratio_pass_count=73
mutual_pass_count=69
spatially_balanced_count=68
essential_ransac_inlier_count=42
recoverpose_inlier_count=41
final_rt_sift_point_count=32
final_rt_feature_inlier_count=38
final_rt_feature_outlier_count=30

[FEATURE_QUALITY]
match_count=68
essential_inlier_count=42
inlier_count=41
inlier_ratio=0.6029411764705882
grid_coverage=0.20833333333333334
hull_coverage=0.08044617922323241
parallax_deg=6.791318697663765
homography_ratio=0.5294117647058824
planar_degenerate=False
model_epi_px=0.3430931255601464
quality_penalty=0.04166666666666666
quality_ok=True
strong=False
marker_rt_feature_epi_px=0.5805519856553094
final_feature_epi_px=0.565362952493877
final_feature_inlier_p90_px=1.0867743895995072
final_feature_all_p90_px=21.93586081963721
final_feature_holdout_median_px=0.7752245412125331
marker_bidir_rms_px=0.23633864946864225
marker_left_to_right_rms_px=0.2663007657886367
marker_right_to_left_rms_px=0.20197974305783523
marker_bidir_max_px=0.3636148176347617
marker_pnp_self_reproj_px=0.21417741477489471
joint_solution_role=joint_from_marker_w12
feature_rot_agreement_deg=3.0692051811178027
pair_score=0.8806089322115309
combined_score=0.2936787879192113
sharpness_min=62.735784384571026
marker_coverage=0.00040405970456731667

[ACTIVE_THRESHOLDS]
sift_max_keypoints=800
sift_contrast_threshold=0.01
match_ratio=0.75
ransac_threshold_px=0.75
min_matches=11
min_inlier_ratio=0.28
min_grid_coverage=0.16666666666666666
min_hull_coverage=0.02
min_parallax_deg=1.0
strong_inliers=40
strong_grid_coverage=0.25

final_feature_inlier_px=1.5
final_feature_p90_max_px=1.25
marker_bidir_rms_max_px=1.5
marker_bidir_point_max_px=2.0

[FINAL_RT_LEFT_TO_RIGHT]
R0=0.999985076997 -0.00545950942286 0.000198846495916
R1=0.00545936126838 0.999984825144 0.000738143613076
R2=-0.00020287338046 -0.000737047022898 0.999999707802
t_mm=-22.0246091592 0.557353886649 -0.989429185133

[GRID_COUNTS_6x4]
raw_keypoints_left
    29   77    3    0    0    0
     8  249   26    0    0    0
     0    0    0    0    0    0
     0    0    0    0    0    0
raw_keypoints_right
    19   98    2    0    0    0
    18  283   10    0    0    0
     0    0    0    0    0    0
     0    0    0    0    0    0
balanced_candidates_left
     0    0    0    0    0    0
     0    1   12   12    3    0
     0    3   18   19    0    0
     0    0    0    0    0    0
balanced_candidates_right
     0    0    0    0    0    0
     0    0   13   14    0    0
     0    3   24   14    0    0
     0    0    0    0    0    0
essential_inliers_left
     0    0    0    0    0    0
     0    0    9    7    2    0
     0    1   10   13    0    0
     0    0    0    0    0    0
essential_inliers_right
     0    0    0    0    0    0
     0    0   11    7    0    0
     0    1   17    6    0    0
     0    0    0    0    0    0
recoverpose_inliers_left
     0    0    0    0    0    0
     0    0    9    7    2    0
     0    0   10   13    0    0
     0    0    0    0    0    0
recoverpose_inliers_right
     0    0    0    0    0    0
     0    0   11    7    0    0
     0    1   17    5    0    0
     0    0    0    0    0    0
joint_optimization_left
     0    0    0    0    0    0
     0    0    6    7    1    0
     0    0    6   12    0    0
     0    0    0    0    0    0
joint_optimization_right
     0    0    0    0    0    0
     0    0    8    6    0    0
     0    0   13    5    0    0
     0    0    0    0    0    0
holdout_left
     0    0    0    0    0    0
     0    0    3    0    1    0
     0    0    4    1    0    0
     0    0    0    0    0    0
holdout_right
     0    0    0    0    0    0
     0    0    3    1    0    0
     0    1    4    0    0    0
     0    0    0    0    0    0
final_rt_inliers_left
     0    0    0    0    0    0
     0    0    8    6    2    0
     0    0    9   13    0    0
     0    0    0    0    0    0
final_rt_inliers_right
     0    0    0    0    0    0
     0    0   10    6    0    0
     0    0   17    5    0    0
     0    0    0    0    0    0

[MATCH_TABLE]
index,left_x,left_y,right_x,right_y,essential_inlier,recoverpose_inlier,optimization_used,holdout,final_rt_inlier,final_epipolar_px
1,607.901306,465.459412,527.485291,467.457306,1,1,0,1,1,0.264989
2,744.004272,454.421631,664.775391,456.140778,0,0,0,0,0,0.769574
3,868.122192,446.140533,794.272766,448.434967,0,0,0,0,0,0.800933
4,603.769104,486.200714,522.977966,488.115417,1,1,1,0,1,0.049934
5,321.279907,374.841797,586.049927,374.075531,0,0,0,0,0,5.232580
6,698.174377,451.883942,618.735779,454.351654,1,1,1,0,1,0.280076
7,772.152954,635.685791,690.245972,635.378723,0,0,0,0,0,4.408276
8,631.204468,442.517822,552.207947,444.873810,1,1,1,0,1,0.669164
9,809.938599,612.076111,723.677673,613.597046,0,0,0,0,0,2.819431
10,583.195862,569.365662,495.910217,571.328125,1,1,1,0,1,0.593573
11,437.417999,668.644836,350.886139,673.038635,1,1,0,1,0,2.022361
12,569.922180,525.743591,485.859955,528.274231,1,1,1,0,1,0.497200
13,695.290344,459.792175,615.596924,462.560455,1,1,1,0,1,0.535167
14,566.372437,516.115845,482.027710,519.385071,0,0,0,0,0,1.320003
15,414.444153,662.406372,327.598541,668.360352,0,0,0,0,0,3.762193
16,521.269165,362.482574,453.798126,361.078400,1,1,1,0,0,1.672100
17,822.135620,544.421875,737.932861,549.170166,1,1,1,0,1,0.929793
18,589.837891,496.319183,508.130615,498.970947,1,1,0,1,1,0.775225
19,791.033142,469.186462,713.999817,474.101257,1,1,1,0,0,2.062641
20,653.308105,641.486023,562.658325,645.451477,1,1,1,0,1,0.225166
21,738.200195,619.935425,649.136414,622.818909,1,1,1,0,1,1.165795
22,545.669006,578.734802,455.527008,585.837708,0,0,0,0,0,4.593994
23,678.584045,608.088440,588.200745,609.261780,0,0,0,0,0,2.426893
24,785.372375,501.791656,703.183167,504.408722,1,1,1,0,1,0.564683
25,690.979126,637.276978,599.084351,640.214111,1,1,0,1,1,1.060501
26,739.906982,463.046112,662.657959,465.277069,1,1,1,0,1,0.247916
27,582.407898,486.612701,502.286438,487.948914,1,1,1,0,1,0.375685
28,580.722351,575.978943,492.208710,579.243958,1,1,1,0,1,0.624531
29,582.580200,728.326904,495.566589,733.313965,1,1,1,0,1,1.148079
30,582.580200,728.326904,495.566589,733.313965,1,1,0,1,1,1.148079
31,678.138306,629.853821,588.837585,632.991272,1,1,1,0,1,0.610487
32,603.072693,631.469727,512.080994,632.831238,0,0,0,0,0,1.963671
33,535.394897,538.324402,451.173523,536.734863,0,0,0,0,0,3.482820
34,630.148499,462.357666,549.543152,464.759644,1,1,1,0,1,0.543891
35,535.394897,538.324402,451.173523,536.734863,0,0,0,0,0,3.482820
36,749.744385,612.067017,659.579041,614.962952,1,1,1,0,1,1.205167
37,741.687683,438.404694,678.710083,446.745514,0,0,0,0,0,6.315780
38,622.180176,460.106537,541.515320,462.550354,1,1,1,0,1,0.650942
39,637.621948,454.236908,558.355896,456.227386,1,1,0,1,1,0.175866
40,792.666626,575.359802,705.955383,578.371887,1,1,1,0,1,0.939210
41,669.013733,745.815369,573.901550,750.059570,1,1,1,0,1,0.719438
42,669.207886,619.309265,577.301880,622.642273,1,1,1,0,1,0.369448
43,916.649658,498.149933,834.664856,503.142426,1,1,1,0,1,0.992179
44,609.768982,722.920959,513.715881,726.758057,1,1,0,1,1,0.563963
45,787.913025,601.818420,700.030273,602.575623,0,0,0,0,0,3.411694
46,787.512695,566.066528,702.007263,568.845154,1,1,1,0,1,1.021519
47,792.449646,501.272888,710.315979,503.203003,0,0,0,0,0,1.288586
48,577.103516,554.889771,725.253540,308.145081,0,0,0,0,0,243.188422
49,370.143188,753.927368,339.311157,651.640686,0,0,0,0,0,101.850911
50,718.581665,430.432648,639.035828,430.559509,0,0,0,0,0,2.030102
51,751.048767,495.156586,669.281128,498.192413,1,1,1,0,1,0.133808
52,682.957642,535.034424,597.110229,537.219055,1,1,1,0,1,0.700516
53,657.153809,581.353516,572.941711,584.232910,1,1,1,0,1,0.150296
54,805.614014,666.527222,731.471130,650.943359,0,0,0,0,0,19.740342
55,589.292786,518.779785,510.836395,524.665527,0,0,0,0,0,3.928911
56,916.649658,498.149933,834.664856,503.142426,1,1,0,1,1,0.992179
57,627.845032,610.883606,539.404358,614.091187,1,1,1,0,1,0.020898
58,654.348022,547.180176,569.038330,550.290222,1,1,1,0,1,0.327077
59,601.922546,718.189819,506.766144,722.793213,1,1,1,0,1,0.335689
60,758.010071,457.189148,680.042847,460.328430,1,1,1,0,1,0.566043
61,595.900146,466.232300,655.726562,647.649292,0,0,0,0,0,183.532370
62,587.896545,705.926086,490.765900,710.139343,1,1,0,1,1,0.060296
63,729.307007,474.145905,648.184387,475.178497,0,0,0,0,0,1.549251
64,550.837158,376.835968,703.166077,361.030762,0,0,0,0,0,12.970438
65,540.168823,561.825073,685.084473,689.817322,0,0,0,0,0,134.166701
66,392.067688,751.235901,823.953064,754.853943,1,0,0,0,0,27.058737
67,557.597290,511.223389,744.773865,590.023926,0,0,0,0,0,85.298461
68,724.694763,649.758850,733.022888,576.960327,0,0,0,0,0,72.917875
