=== RT SIFT DIAGNOSTICS ===
This report describes the selected best frame pair only.
Coordinates are undistorted display pixels: frame_B/UI-left -> frame_A/UI-right.

[SELECTED_PAIR]
video=D:\Lightglue\lg_env\SU01\video_20260729_151231.mp4
frame_left_B=1
frame_right_A=0
shared_markers=1
baseline_mm=72.724262
rt_sift_role=validation_only
rt_sift_applied=False
rt_reliable=False

[PIPELINE_COUNTS]
left_keypoint_count=186
right_keypoint_count=193
left_descriptor_count=186
right_descriptor_count=193
knn_pair_count=186
ratio_pass_count=52
mutual_pass_count=49
spatially_balanced_count=45
essential_ransac_inlier_count=32
recoverpose_inlier_count=32
final_rt_sift_point_count=0
final_rt_feature_inlier_count=4
final_rt_feature_outlier_count=41

[FEATURE_QUALITY]
match_count=45
essential_inlier_count=32
inlier_count=32
inlier_ratio=0.7111111111111111
grid_coverage=0.16666666666666666
hull_coverage=0.035645310036028374
parallax_deg=8.5650921664922
homography_ratio=0.6222222222222222
planar_degenerate=False
model_epi_px=0.3256785036479629
quality_penalty=0.09966342069822694
quality_ok=True
strong=False
marker_rt_feature_epi_px=22.899264328059857
final_feature_epi_px=0.895670985665291
final_feature_inlier_p90_px=1.0531778717658826
final_feature_all_p90_px=71.54592749330571
final_feature_holdout_median_px=31.433422590673985
marker_bidir_rms_px=0.24010727846632995
marker_left_to_right_rms_px=0.05729518775253867
marker_right_to_left_rms_px=0.33469429604553586
marker_bidir_max_px=0.34396669261609925
marker_pnp_self_reproj_px=0.19511529803276062
joint_solution_role=marker_only
feature_rot_agreement_deg=36.88913801804946
pair_score=0.8316635742609212
combined_score=0.8478589098090433
sharpness_min=44.449442046088514
marker_coverage=0.0008381560706652635

[ACTIVE_THRESHOLDS]
sift_max_keypoints=800
sift_contrast_threshold=0.01
match_ratio=0.75
ransac_threshold_px=0.75
min_matches=11
min_inlier_ratio=0.28
min_grid_coverage=0.16666666666666666
min_hull_coverage=0.02
min_parallax_deg=1.0
strong_inliers=40
strong_grid_coverage=0.25

final_feature_inlier_px=1.5
final_feature_p90_max_px=1.25
marker_bidir_rms_max_px=1.5
marker_bidir_point_max_px=2.0

[FINAL_RT_LEFT_TO_RIGHT]
R0=0.966820240816 -0.0291480216891 -0.253789311791
R1=0.162973866969 0.835411216331 0.524907247343
R2=0.196718429824 -0.548851976821 0.812442839163
t_mm=12.5369241386 -63.9424322815 32.2956514998

[GRID_COUNTS_6x4]
raw_keypoints_left
     8  126   21    0    0    0
     4   22    5    0    0    0
     0    0    0    0    0    0
     0    0    0    0    0    0
raw_keypoints_right
    15  125   19    0    0    0
     0   28    6    0    0    0
     0    0    0    0    0    0
     0    0    0    0    0    0
balanced_candidates_left
     0    0    0    0    0    0
     0    2   11   24    4    0
     0    0    0    2    2    0
     0    0    0    0    0    0
balanced_candidates_right
     0    0    0    0    0    0
     0    2   19   18    1    0
     0    0    1    3    1    0
     0    0    0    0    0    0
essential_inliers_left
     0    0    0    0    0    0
     0    0    4   24    2    0
     0    0    0    2    0    0
     0    0    0    0    0    0
essential_inliers_right
     0    0    0    0    0    0
     0    0   14   16    0    0
     0    0    1    1    0    0
     0    0    0    0    0    0
recoverpose_inliers_left
     0    0    0    0    0    0
     0    0    4   24    2    0
     0    0    0    2    0    0
     0    0    0    0    0    0
recoverpose_inliers_right
     0    0    0    0    0    0
     0    0   14   16    0    0
     0    0    1    1    0    0
     0    0    0    0    0    0
joint_optimization_left
     0    0    0    0    0    0
     0    0    3   19    2    0
     0    0    0    1    0    0
     0    0    0    0    0    0
joint_optimization_right
     0    0    0    0    0    0
     0    0   10   14    0    0
     0    0    0    1    0    0
     0    0    0    0    0    0
holdout_left
     0    0    0    0    0    0
     0    0    1    5    0    0
     0    0    0    1    0    0
     0    0    0    0    0    0
holdout_right
     0    0    0    0    0    0
     0    0    4    2    0    0
     0    0    1    0    0    0
     0    0    0    0    0    0
final_rt_inliers_left
     0    0    0    0    0    0
     0    0    0    3    0    0
     0    0    0    1    0    0
     0    0    0    0    0    0
final_rt_inliers_right
     0    0    0    0    0    0
     0    0    0    3    0    0
     0    0    1    0    0    0
     0    0    0    0    0    0

[MATCH_TABLE]
index,left_x,left_y,right_x,right_y,essential_inlier,recoverpose_inlier,optimization_used,holdout,final_rt_inlier,final_epipolar_px
1,667.950806,532.300293,596.681152,534.360962,1,1,0,1,1,0.275986
2,695.835693,410.311890,620.620361,412.942444,1,1,0,0,0,25.391231
3,799.470398,333.331757,731.237915,335.194427,1,1,0,0,0,6.870796
4,807.879456,385.989807,736.062195,387.579803,1,1,0,0,0,3.352221
5,940.340332,521.928406,868.794800,523.037415,0,0,0,0,0,32.557330
6,671.283325,403.772400,596.197327,405.747162,1,1,0,0,0,29.412210
7,802.209595,320.146576,734.661255,322.221680,1,1,0,1,0,6.561533
8,665.438171,309.126434,597.502930,311.427643,1,1,0,0,0,46.190498
9,730.163086,521.043091,656.668457,523.503357,1,1,0,0,0,3.599921
10,819.698181,365.016937,749.953003,367.690002,1,1,0,0,1,1.120681
11,744.110535,415.676086,668.813904,417.730133,1,1,0,0,0,17.892734
12,791.965271,404.684052,718.692688,406.764160,1,1,0,1,0,7.335577
13,671.488892,298.131287,603.294983,299.232391,1,1,0,0,0,48.694702
14,797.338562,393.801910,724.121399,395.918121,1,1,0,0,0,6.975634
15,622.031799,361.013092,549.846680,363.616150,1,1,0,0,0,41.669345
16,673.097229,414.123199,597.362915,416.261627,1,1,0,0,0,27.570061
17,584.084106,493.655640,723.939697,504.489685,0,0,0,0,0,205.758259
18,553.858276,278.333984,488.781006,275.238922,0,0,0,0,0,71.545927
19,651.966309,320.168243,582.884033,321.973541,1,1,0,1,0,46.869119
20,680.061096,302.170532,612.286621,304.112366,1,1,0,0,0,45.041397
21,925.282288,530.492859,851.409912,535.407776,0,0,0,0,0,25.188366
22,485.900696,478.541626,403.962036,489.226532,0,0,0,0,0,1.963957
23,628.670959,381.407684,557.327026,387.735779,0,0,0,0,0,33.259607
24,788.831726,318.587097,722.159119,319.321960,1,1,0,0,0,10.657040
25,892.138977,495.649719,819.336121,498.244415,1,1,0,0,0,20.210962
26,733.975830,285.071198,672.404968,286.078766,1,1,0,0,0,28.199929
27,335.868408,438.214691,330.880676,446.574066,0,0,0,0,0,76.706388
28,704.490540,289.868225,637.941895,291.085083,1,1,0,1,0,41.195559
29,745.975464,423.234741,670.599609,425.428040,1,1,0,0,0,16.563266
30,895.364990,507.270569,814.372375,508.875549,0,0,0,0,0,11.099675
31,800.781372,401.633270,728.474976,403.484039,1,1,0,0,0,4.411484
32,810.129395,351.353485,742.389465,353.343109,1,1,0,0,1,0.895671
33,892.138977,495.649719,819.336121,498.244415,1,1,0,0,0,20.210962
34,629.492554,346.081726,559.192017,348.627899,1,1,0,1,0,43.432247
35,810.129395,351.353485,742.389465,353.343109,1,1,0,0,1,0.895671
36,584.872070,310.243225,516.327637,310.828278,0,0,0,0,0,58.457584
37,615.334717,325.540192,545.217529,327.653381,1,1,0,0,0,51.206382
38,341.785980,510.246460,815.008789,663.989380,0,0,0,0,0,585.576186
39,624.194397,356.853027,554.389832,357.418182,0,0,0,0,0,41.009621
40,553.858276,278.333984,488.781006,275.238922,0,0,0,0,0,71.545927
41,747.234619,286.853455,682.864563,288.385590,1,1,0,0,0,26.735628
42,950.167786,330.724060,892.369873,276.179443,0,0,0,0,0,71.813561
43,695.186035,403.324066,618.506775,405.723755,1,1,0,0,0,28.447405
44,676.559021,391.355225,601.731934,393.175720,1,1,0,1,0,31.433423
45,601.443420,308.564209,530.989990,311.096985,1,1,0,0,0,58.515467
