=== RT SIFT DIAGNOSTICS ===
This report describes the selected best frame pair only.
Coordinates are undistorted display pixels: frame_B/UI-left -> frame_A/UI-right.

[SELECTED_PAIR]
video=D:\Lightglue\lg_env\SU01\video_20260729_144213.mp4
frame_left_B=1
frame_right_A=0
shared_markers=1
baseline_mm=19.907035
rt_sift_role=final_rt
rt_sift_applied=True
rt_reliable=True

[PIPELINE_COUNTS]
left_keypoint_count=544
right_keypoint_count=530
left_descriptor_count=544
right_descriptor_count=530
knn_pair_count=544
ratio_pass_count=117
mutual_pass_count=111
spatially_balanced_count=63
essential_ransac_inlier_count=35
recoverpose_inlier_count=35
final_rt_sift_point_count=28
final_rt_feature_inlier_count=35
final_rt_feature_outlier_count=28

[FEATURE_QUALITY]
match_count=63
essential_inlier_count=35
inlier_count=35
inlier_ratio=0.5555555555555556
grid_coverage=0.16666666666666666
hull_coverage=0.054856344436066
parallax_deg=10.595214085330428
homography_ratio=0.5714285714285714
planar_degenerate=False
model_epi_px=0.27747857750021865
quality_penalty=0.08333333333333334
quality_ok=True
strong=False
marker_rt_feature_epi_px=7.234703034412826
final_feature_epi_px=0.48019398036376937
final_feature_inlier_p90_px=0.86071900469373
final_feature_all_p90_px=42.71844663196185
final_feature_holdout_median_px=0.3736556783455387
marker_bidir_rms_px=0.2014244818336378
marker_left_to_right_rms_px=0.19169596466894598
marker_right_to_left_rms_px=0.21070429728304346
marker_bidir_max_px=0.3283105568566031
marker_pnp_self_reproj_px=0.07724066078662872
joint_solution_role=joint_from_marker_w12
feature_rot_agreement_deg=4.956307084226152
pair_score=0.7708645184205623
combined_score=0.43450741856085284
sharpness_min=50.06368249353021
marker_coverage=0.0010126668478022793

[ACTIVE_THRESHOLDS]
sift_max_keypoints=800
sift_contrast_threshold=0.01
match_ratio=0.75
ransac_threshold_px=0.75
min_matches=11
min_inlier_ratio=0.28
min_grid_coverage=0.16666666666666666
min_hull_coverage=0.02
min_parallax_deg=1.0
strong_inliers=40
strong_grid_coverage=0.25

final_feature_inlier_px=1.5
final_feature_p90_max_px=1.25
marker_bidir_rms_max_px=1.5
marker_bidir_point_max_px=2.0

[FINAL_RT_LEFT_TO_RIGHT]
R0=0.999992217261 -0.000900550886764 -0.00384114896621
R1=0.000922418708712 0.999983357495 0.00569507473382
R2=0.00383595633527 -0.00569857355821 0.999976405571
t_mm=-19.904487736 -0.101941211921 -0.301707194332

[GRID_COUNTS_6x4]
raw_keypoints_left
    20  303    3    0    0    0
    20  196    2    0    0    0
     0    0    0    0    0    0
     0    0    0    0    0    0
raw_keypoints_right
    25  302    4    0    0    0
    79  117    3    0    0    0
     0    0    0    0    0    0
     0    0    0    0    0    0
balanced_candidates_left
     0    0    0    0    0    0
     0    4   21   24    1    0
     0    1    7    5    0    0
     0    0    0    0    0    0
balanced_candidates_right
     0    0    0    0    0    0
     0    6   24   20    0    0
     0    3    5    5    0    0
     0    0    0    0    0    0
essential_inliers_left
     0    0    0    0    0    0
     0    0   13   18    1    0
     0    0    3    0    0    0
     0    0    0    0    0    0
essential_inliers_right
     0    0    0    0    0    0
     0    1   18   13    0    0
     0    0    3    0    0    0
     0    0    0    0    0    0
recoverpose_inliers_left
     0    0    0    0    0    0
     0    0   13   18    1    0
     0    0    3    0    0    0
     0    0    0    0    0    0
recoverpose_inliers_right
     0    0    0    0    0    0
     0    1   18   13    0    0
     0    0    3    0    0    0
     0    0    0    0    0    0
joint_optimization_left
     0    0    0    0    0    0
     0    0   11   13    1    0
     0    0    3    0    0    0
     0    0    0    0    0    0
joint_optimization_right
     0    0    0    0    0    0
     0    1   14   10    0    0
     0    0    3    0    0    0
     0    0    0    0    0    0
holdout_left
     0    0    0    0    0    0
     0    0    2    5    0    0
     0    0    0    0    0    0
     0    0    0    0    0    0
holdout_right
     0    0    0    0    0    0
     0    0    4    3    0    0
     0    0    0    0    0    0
     0    0    0    0    0    0
final_rt_inliers_left
     0    0    0    0    0    0
     0    0   13   18    1    0
     0    0    3    0    0    0
     0    0    0    0    0    0
final_rt_inliers_right
     0    0    0    0    0    0
     0    1   18   13    0    0
     0    0    3    0    0    0
     0    0    0    0    0    0

[MATCH_TABLE]
index,left_x,left_y,right_x,right_y,essential_inlier,recoverpose_inlier,optimization_used,holdout,final_rt_inlier,final_epipolar_px
1,810.646667,481.273041,732.883667,484.700104,1,1,0,1,1,0.703120
2,859.684387,448.118469,784.155518,451.799744,1,1,1,0,1,0.887321
3,606.874817,298.365692,534.599854,301.382721,1,1,1,0,1,0.610412
4,419.257477,446.979797,325.687897,458.157104,0,0,0,0,0,9.169525
5,410.683960,454.148407,618.312500,637.220886,0,0,0,0,0,179.135757
6,636.945190,401.264069,559.945251,403.808411,1,1,1,0,1,0.154242
7,839.200562,355.687744,725.168579,318.746277,0,0,0,0,0,39.404955
8,700.836914,445.656097,620.328125,447.953674,1,1,1,0,1,0.213803
9,492.757324,516.226440,405.533905,520.345703,0,0,0,0,0,1.702036
10,636.975098,349.949738,560.006958,352.400970,1,1,0,1,1,0.068602
11,610.309509,401.695740,532.015564,403.014099,0,0,0,0,0,1.009773
12,743.621521,566.046387,660.328186,568.387512,0,0,0,0,0,0.481369
13,588.954956,391.856201,509.645050,394.746094,1,1,1,0,1,0.620468
14,721.959778,435.197449,641.579651,436.911346,1,1,1,0,1,0.820816
15,765.891785,567.836914,674.814087,584.649048,0,0,0,0,0,13.974342
16,426.893311,649.879822,428.515076,343.124390,0,0,0,0,0,309.794297
17,381.991364,370.079559,489.355438,330.316406,0,0,0,0,0,43.546820
18,571.834167,410.674957,490.780762,413.574860,1,1,1,0,1,0.654894
19,636.945190,401.264069,559.945251,403.808411,1,1,1,0,1,0.154242
20,587.456604,416.569855,508.504791,418.833832,1,1,0,1,1,0.035373
21,518.269836,453.626923,434.327820,455.749390,1,1,1,0,1,0.107641
22,799.579468,476.239258,719.723877,477.844269,0,0,0,0,0,1.084656
23,466.355072,503.815826,380.748047,509.504486,0,0,0,0,0,3.340896
24,791.999268,407.318420,714.866150,409.744629,1,1,1,0,1,0.252305
25,518.269836,453.626923,434.327820,455.749390,1,1,1,0,1,0.107641
26,695.004456,417.390106,616.872559,419.942535,1,1,1,0,1,0.056597
27,664.619812,499.245117,579.360168,501.980835,1,1,0,1,1,0.197250
28,715.005493,409.747742,635.949463,411.601501,1,1,1,0,1,0.666123
29,694.753174,443.097412,615.067871,445.228973,1,1,1,0,1,0.373708
30,771.714050,431.740662,694.135437,432.007111,0,0,0,0,0,2.370420
31,433.064178,366.700439,331.838470,279.534332,0,0,0,0,0,88.793787
32,659.152710,356.265656,583.702148,356.531952,0,0,0,0,0,2.180482
33,347.451569,380.698547,816.230286,324.787415,0,0,0,0,0,63.491771
34,520.291077,478.414337,435.627838,480.756439,1,1,1,0,1,0.034638
35,618.167175,301.392212,545.823425,303.225464,1,1,1,0,1,0.599460
36,683.574158,411.811310,605.385681,414.656830,1,1,0,1,1,0.373656
37,612.329895,431.453796,534.975403,432.134369,0,0,0,0,0,1.695280
38,470.260071,509.084564,383.459473,512.167358,0,0,0,0,0,0.720043
39,343.317047,530.812439,807.018677,432.831116,0,0,0,0,0,103.746887
40,512.025635,505.380646,426.314484,506.981445,1,1,1,0,1,0.791455
41,528.327209,489.635437,442.009094,491.356964,1,1,1,0,1,0.623821
42,622.596741,363.355896,544.125427,367.166229,0,0,0,0,0,1.477739
43,744.000488,444.350891,663.857544,445.362366,0,0,0,0,0,1.567198
44,718.297852,374.423798,640.731445,376.636841,1,1,1,0,1,0.331130
45,604.237366,540.824158,517.549622,544.177795,1,1,1,0,1,0.733150
46,736.582214,552.475464,650.960327,554.809021,0,0,0,0,0,0.428626
47,799.579468,476.239258,719.723877,477.844269,0,0,0,0,0,1.084656
48,736.582214,552.475464,650.960327,554.809021,0,0,0,0,0,0.428626
49,727.022339,407.769318,648.021851,409.298798,1,1,0,1,1,1.012400
50,723.448792,451.508331,642.344299,454.752411,1,1,1,0,1,0.695628
51,502.556580,485.723572,417.727203,485.870941,0,0,0,0,0,2.159662
52,753.659302,340.573486,679.058411,343.410004,1,1,1,0,1,0.146448
53,738.435059,348.909760,664.062500,351.134979,1,1,1,0,1,0.419928
54,727.382812,395.690613,649.272461,398.183990,1,1,1,0,1,0.057151
55,759.438599,367.716064,684.050659,369.895203,1,1,0,1,1,0.480194
56,820.100220,417.703857,743.252014,419.388550,1,1,1,0,1,1.042773
57,744.991333,701.063232,657.888916,704.900391,0,0,0,0,0,0.348757
58,588.265442,672.033386,493.248291,674.753967,1,1,1,0,1,0.624375
59,546.720947,727.632385,522.873108,513.039673,0,0,0,0,0,217.859322
60,444.960602,269.235474,324.784058,270.151703,0,0,0,0,0,0.432736
61,791.281250,482.050446,712.150513,485.947784,1,1,1,0,1,1.205437
62,632.522766,590.394043,542.764709,593.970215,1,1,1,0,1,0.721854
63,456.597137,513.735657,367.917694,518.133911,0,0,0,0,0,2.034386
