=== RT SIFT DIAGNOSTICS ===
This report describes the selected best frame pair only.
Coordinates are undistorted display pixels: frame_B/UI-left -> frame_A/UI-right.

[SELECTED_PAIR]
video=D:\Lightglue\lg_env\SU01\video_20260729_152206.mp4
frame_left_B=1
frame_right_A=0
shared_markers=1
baseline_mm=57.701502
rt_sift_role=validation_only
rt_sift_applied=False
rt_reliable=False

[PIPELINE_COUNTS]
left_keypoint_count=193
right_keypoint_count=238
left_descriptor_count=193
right_descriptor_count=238
knn_pair_count=193
ratio_pass_count=64
mutual_pass_count=59
spatially_balanced_count=46
essential_ransac_inlier_count=35
recoverpose_inlier_count=35
final_rt_sift_point_count=0
final_rt_feature_inlier_count=1
final_rt_feature_outlier_count=45

[FEATURE_QUALITY]
match_count=46
essential_inlier_count=35
inlier_count=35
inlier_ratio=0.7608695652173914
grid_coverage=0.125
hull_coverage=0.028942128529651966
parallax_deg=5.179913772098728
homography_ratio=0.717391304347826
planar_degenerate=False
model_epi_px=0.2757633082506874
quality_penalty=0.16646701801380515
quality_ok=False
strong=False
marker_rt_feature_epi_px=15.642523841147499
final_feature_epi_px=0.7827402711302253
final_feature_inlier_p90_px=0.7827402711302253
final_feature_all_p90_px=40.73507548117455
final_feature_holdout_median_px=None
marker_bidir_rms_px=0.2140142921542819
marker_left_to_right_rms_px=0.05621914044437867
marker_right_to_left_rms_px=0.2973947591002435
marker_bidir_max_px=0.32214272610416006
marker_pnp_self_reproj_px=0.17505808174610138
joint_solution_role=marker_only
feature_rot_agreement_deg=26.606014346863265
pair_score=0.6943064157912493
combined_score=0.7985164309349437
sharpness_min=55.554482648437855
marker_coverage=0.0009730849142954412

[ACTIVE_THRESHOLDS]
sift_max_keypoints=800
sift_contrast_threshold=0.01
match_ratio=0.75
ransac_threshold_px=0.75
min_matches=11
min_inlier_ratio=0.28
min_grid_coverage=0.16666666666666666
min_hull_coverage=0.02
min_parallax_deg=1.0
strong_inliers=40
strong_grid_coverage=0.25

final_feature_inlier_px=1.5
final_feature_p90_max_px=1.25
marker_bidir_rms_max_px=1.5
marker_bidir_point_max_px=2.0

[FINAL_RT_LEFT_TO_RIGHT]
R0=0.999350476897 0.0356918811349 0.00497131245876
R1=-0.0344325807379 0.905045795028 0.423918041945
R2=0.0106311669275 -0.4238138725 0.905686910453
t_mm=-22.3060541497 -46.6341521657 25.6351141663

[GRID_COUNTS_6x4]
raw_keypoints_left
     3  132   10    0    0    0
     1   41    6    0    0    0
     0    0    0    0    0    0
     0    0    0    0    0    0
raw_keypoints_right
    22  158   19    0    0    0
    10   25    4    0    0    0
     0    0    0    0    0    0
     0    0    0    0    0    0
balanced_candidates_left
     0    0    0    0    0    0
     0    1   17   20    2    0
     0    0    3    2    1    0
     0    0    0    0    0    0
balanced_candidates_right
     0    0    0    0    0    0
     0    1   24   14    2    0
     0    3    2    0    0    0
     0    0    0    0    0    0
essential_inliers_left
     0    0    0    0    0    0
     0    0   15   18    0    0
     0    0    1    1    0    0
     0    0    0    0    0    0
essential_inliers_right
     0    0    0    0    0    0
     0    0   22   11    0    0
     0    0    2    0    0    0
     0    0    0    0    0    0
recoverpose_inliers_left
     0    0    0    0    0    0
     0    0   15   18    0    0
     0    0    1    1    0    0
     0    0    0    0    0    0
recoverpose_inliers_right
     0    0    0    0    0    0
     0    0   22   11    0    0
     0    0    2    0    0    0
     0    0    0    0    0    0
joint_optimization_left
     0    0    0    0    0    0
     0    0    0    0    0    0
     0    0    0    0    0    0
     0    0    0    0    0    0
joint_optimization_right
     0    0    0    0    0    0
     0    0    0    0    0    0
     0    0    0    0    0    0
     0    0    0    0    0    0
holdout_left
     0    0    0    0    0    0
     0    0    0    0    0    0
     0    0    0    0    0    0
     0    0    0    0    0    0
holdout_right
     0    0    0    0    0    0
     0    0    0    0    0    0
     0    0    0    0    0    0
     0    0    0    0    0    0
final_rt_inliers_left
     0    0    0    0    0    0
     0    0    0    1    0    0
     0    0    0    0    0    0
     0    0    0    0    0    0
final_rt_inliers_right
     0    0    0    0    0    0
     0    0    1    0    0    0
     0    0    0    0    0    0
     0    0    0    0    0    0

[MATCH_TABLE]
index,left_x,left_y,right_x,right_y,essential_inlier,recoverpose_inlier,optimization_used,holdout,final_rt_inlier,final_epipolar_px
1,711.978210,327.256042,643.707825,329.503174,1,1,0,0,0,34.815516
2,634.689392,452.466797,556.070618,455.345795,1,1,0,0,0,4.572164
3,609.716614,453.849945,531.562927,456.346710,1,1,0,0,0,8.044439
4,580.178040,441.321472,501.778381,443.415192,1,1,0,0,0,13.527724
5,585.834106,450.605865,506.938538,452.630676,1,1,0,0,0,12.739933
6,743.940063,367.484558,672.247986,370.055634,1,1,0,0,0,31.951108
7,712.771973,341.322235,644.100952,343.076813,1,1,0,0,0,32.388451
8,737.615479,392.300415,664.411804,394.041016,1,1,0,0,0,25.337891
9,702.456909,320.633545,634.255005,322.199158,1,1,0,0,0,33.712063
10,563.828247,372.523834,489.316681,374.941315,1,1,0,0,0,14.449893
11,547.112732,360.770538,474.681915,361.922424,1,1,0,0,0,16.245244
12,543.204102,425.217621,465.889923,427.633057,1,1,0,0,0,20.096470
13,666.815674,469.433899,587.257019,471.839935,1,1,0,0,1,0.782740
14,698.273376,328.737793,630.232300,330.547974,1,1,0,0,0,31.241823
15,614.823853,463.872833,534.865112,466.288818,1,1,0,0,0,8.954922
16,686.585571,455.944733,608.635925,457.829346,1,1,0,0,0,4.603455
17,656.414917,308.617157,593.884644,310.154083,0,0,0,0,0,28.438655
18,681.589722,382.431183,608.955017,384.230133,1,1,0,0,0,15.018649
19,572.499634,356.951630,500.450165,359.131470,1,1,0,0,0,9.502290
20,875.487915,500.287598,804.803772,504.191620,0,0,0,0,0,29.811151
21,602.491333,398.092163,524.645020,398.664612,0,0,0,0,0,8.598826
22,705.447266,453.129303,631.819702,454.256287,1,1,0,0,0,12.478244
23,575.661316,343.210541,503.373077,344.021393,1,1,0,0,0,8.326927
24,568.966431,564.674255,484.566620,567.486694,1,1,0,0,0,12.631994
25,728.252991,356.410187,659.802002,358.078644,1,1,0,0,0,34.026174
26,568.074707,364.760529,494.304565,366.793182,1,1,0,0,0,12.523468
27,560.588318,446.886536,481.425964,449.972839,1,1,0,0,0,17.750946
28,696.513977,513.781921,617.405273,515.546326,1,1,0,0,0,2.309957
29,719.412659,424.597015,644.071655,426.370911,1,1,0,0,0,15.424444
30,419.069336,329.209595,331.885986,604.009033,0,0,0,0,0,96.285725
31,606.224243,324.428223,537.099548,325.828827,1,1,0,0,0,4.547181
32,728.252991,356.410187,659.802002,358.078644,1,1,0,0,0,34.026174
33,643.672363,385.505219,569.513916,387.973083,1,1,0,0,0,4.369862
34,735.530151,410.445190,660.987488,412.588562,1,1,0,0,0,20.801054
35,711.579773,312.834442,643.247925,314.578491,1,1,0,0,0,37.528851
36,534.188538,419.450012,456.041199,421.929504,1,1,0,0,0,23.160433
37,736.185303,381.972137,664.553894,383.847076,1,1,0,0,0,28.204164
38,546.300415,407.142456,470.506653,409.243744,1,1,0,0,0,18.745219
39,428.726776,607.159546,344.934265,617.095825,0,0,0,0,0,13.040185
40,437.485962,355.095825,367.397491,360.277130,0,0,0,0,0,43.941300
41,745.628662,385.358215,674.123657,388.304504,0,0,0,0,0,29.356961
42,876.997498,699.256653,868.307068,309.956390,0,0,0,0,0,267.782700
43,803.620850,647.528320,835.692444,274.487976,0,0,0,0,0,299.392129
44,740.230896,421.849426,664.869629,424.083527,1,1,0,0,0,19.310072
45,484.640472,586.020569,392.619568,580.960754,0,0,0,0,0,21.720175
46,929.671814,262.212250,904.528015,268.776093,0,0,0,0,0,162.849062
