=== RT SIFT DIAGNOSTICS ===
This report describes the selected best frame pair only.
Coordinates are undistorted display pixels: frame_B/UI-left -> frame_A/UI-right.

[SELECTED_PAIR]
video=D:\Lightglue\lg_env\SU01\video_20260729_152715.mp4
frame_left_B=1
frame_right_A=0
shared_markers=1
baseline_mm=22.623076
rt_sift_role=final_rt
rt_sift_applied=True
rt_reliable=True

[PIPELINE_COUNTS]
left_keypoint_count=265
right_keypoint_count=310
left_descriptor_count=265
right_descriptor_count=310
knn_pair_count=265
ratio_pass_count=62
mutual_pass_count=56
spatially_balanced_count=50
essential_ransac_inlier_count=36
recoverpose_inlier_count=36
final_rt_sift_point_count=28
final_rt_feature_inlier_count=34
final_rt_feature_outlier_count=16

[FEATURE_QUALITY]
match_count=50
essential_inlier_count=36
inlier_count=36
inlier_ratio=0.72
grid_coverage=0.16666666666666666
hull_coverage=0.02920557129960457
parallax_deg=5.764215777120212
homography_ratio=0.68
planar_degenerate=False
model_epi_px=0.41350304219920564
quality_penalty=0.12381244095981621
quality_ok=True
strong=False
marker_rt_feature_epi_px=7.977673318422699
final_feature_epi_px=0.4291786276156281
final_feature_inlier_p90_px=0.8636991463328993
final_feature_all_p90_px=6.652823246590031
final_feature_holdout_median_px=0.40341609043335835
marker_bidir_rms_px=0.38137863184039494
marker_left_to_right_rms_px=0.4160548980444782
marker_right_to_left_rms_px=0.34321661303337553
marker_bidir_max_px=0.7602472935179473
marker_pnp_self_reproj_px=0.19921597838401794
joint_solution_role=joint_from_marker_w4
feature_rot_agreement_deg=27.854997559604517
pair_score=0.7127557699614979
combined_score=0.8294036503433055
sharpness_min=57.64178237835354
marker_coverage=0.0009450030563129986

[ACTIVE_THRESHOLDS]
sift_max_keypoints=800
sift_contrast_threshold=0.01
match_ratio=0.75
ransac_threshold_px=0.75
min_matches=11
min_inlier_ratio=0.28
min_grid_coverage=0.16666666666666666
min_hull_coverage=0.02
min_parallax_deg=1.0
strong_inliers=40
strong_grid_coverage=0.25

final_feature_inlier_px=1.5
final_feature_p90_max_px=1.25
marker_bidir_rms_max_px=1.5
marker_bidir_point_max_px=2.0

[FINAL_RT_LEFT_TO_RIGHT]
R0=0.999850144581 0.00143936361257 0.0172515684577
R1=-0.00169994043997 0.999884552567 0.015099395373
R2=-0.0172278432882 -0.0151264592856 0.99973716128
t_mm=-22.5868176216 -1.25529713011 -0.251932049265

[GRID_COUNTS_6x4]
raw_keypoints_left
    10   78   44    0    0    0
     0   81   52    0    0    0
     0    0    0    0    0    0
     0    0    0    0    0    0
raw_keypoints_right
    13  132   20    0    0    0
     0  136    9    0    0    0
     0    0    0    0    0    0
     0    0    0    0    0    0
balanced_candidates_left
     0    0    0    0    0    0
     0    0    3   20    8    0
     0    0    0   12    7    0
     0    0    0    0    0    0
balanced_candidates_right
     0    0    0    0    0    0
     0    1    4   24    1    0
     0    0    3   17    0    0
     0    0    0    0    0    0
essential_inliers_left
     0    0    0    0    0    0
     0    0    2   15    2    0
     0    0    0   10    7    0
     0    0    0    0    0    0
essential_inliers_right
     0    0    0    0    0    0
     0    0    2   17    0    0
     0    0    1   16    0    0
     0    0    0    0    0    0
recoverpose_inliers_left
     0    0    0    0    0    0
     0    0    2   15    2    0
     0    0    0   10    7    0
     0    0    0    0    0    0
recoverpose_inliers_right
     0    0    0    0    0    0
     0    0    2   17    0    0
     0    0    1   16    0    0
     0    0    0    0    0    0
joint_optimization_left
     0    0    0    0    0    0
     0    0    1   14    1    0
     0    0    0    7    5    0
     0    0    0    0    0    0
joint_optimization_right
     0    0    0    0    0    0
     0    0    1   15    0    0
     0    0    0   12    0    0
     0    0    0    0    0    0
holdout_left
     0    0    0    0    0    0
     0    0    1    1    1    0
     0    0    0    3    2    0
     0    0    0    0    0    0
holdout_right
     0    0    0    0    0    0
     0    0    1    2    0    0
     0    0    1    4    0    0
     0    0    0    0    0    0
final_rt_inliers_left
     0    0    0    0    0    0
     0    0    2   14    2    0
     0    0    0    9    7    0
     0    0    0    0    0    0
final_rt_inliers_right
     0    0    0    0    0    0
     0    0    2   16    0    0
     0    0    1   15    0    0
     0    0    0    0    0    0

[MATCH_TABLE]
index,left_x,left_y,right_x,right_y,essential_inlier,recoverpose_inlier,optimization_used,holdout,final_rt_inlier,final_epipolar_px
1,668.940735,620.495117,589.478577,624.888245,0,0,0,0,0,1.180282
2,920.550781,409.828705,822.148438,387.659271,0,0,0,0,0,22.361996
3,806.699768,564.015442,722.882507,566.442566,1,1,0,1,1,0.185312
4,791.196289,398.185791,718.303650,400.494171,1,1,1,0,1,0.430162
5,745.155884,510.525513,662.856079,510.662689,0,0,0,0,0,2.303916
6,899.912659,559.496277,818.988281,562.573425,1,1,1,0,1,0.393648
7,729.286560,488.611481,648.824280,490.734253,1,1,1,0,1,0.419023
8,770.743225,402.176666,696.356812,403.764740,1,1,1,0,1,1.166662
9,719.585815,548.189026,639.658569,548.017517,0,0,0,0,0,2.947496
10,750.836426,548.598938,668.869812,552.794250,1,1,0,1,0,1.542692
11,852.810486,569.847107,768.908325,571.626465,1,1,1,0,1,0.860740
12,825.075195,571.926575,740.819153,574.925415,1,1,1,0,1,0.341684
13,783.839233,548.649963,699.527893,551.272827,1,1,1,0,1,0.147159
14,717.139893,457.025391,638.643799,460.765686,0,0,0,0,0,1.053475
15,887.033997,446.840668,812.846802,449.130859,1,1,1,0,1,0.073943
16,914.059082,502.874969,836.680115,505.594055,1,1,0,1,1,0.428195
17,585.068542,460.091827,510.281281,463.819366,1,1,1,0,1,0.378637
18,757.838074,393.336029,685.075317,395.742371,1,1,1,0,1,0.551772
19,733.616699,408.406494,659.892456,410.309235,1,1,1,0,1,1.089660
20,914.831604,525.802368,836.012390,528.330566,1,1,1,0,1,0.111522
21,585.068542,460.091827,510.281281,463.819366,1,1,0,1,1,0.378637
22,806.037415,409.075195,733.178040,411.241730,1,1,1,0,1,0.478217
23,709.388916,416.818390,634.044312,415.759399,0,0,0,0,0,4.046083
24,813.998718,394.254211,745.076599,397.806885,1,1,1,0,1,0.688050
25,869.896118,570.684204,786.839783,573.108887,1,1,1,0,1,0.273381
26,857.105835,418.561310,784.880615,420.267242,0,0,0,0,0,0.696281
27,718.241577,416.025543,643.458191,418.374664,1,1,1,0,1,0.634557
28,727.040588,304.659668,666.874634,302.563019,0,0,0,0,0,6.652823
29,903.583435,538.610535,824.937500,540.829468,1,1,0,1,1,0.361596
30,796.631775,560.040039,711.548157,561.781433,1,1,1,0,1,0.760300
31,813.571533,477.840851,736.313354,479.785187,1,1,1,0,1,0.512396
32,909.446533,351.883179,868.618103,369.256805,0,0,0,0,0,13.279191
33,836.199646,428.619141,761.831360,430.421143,1,1,1,0,1,0.595558
34,757.838074,393.336029,685.075317,395.742371,1,1,1,0,1,0.551772
35,886.313293,471.358063,809.825562,475.803864,0,0,0,0,0,2.229203
36,699.776306,516.655762,619.701233,520.832703,1,1,0,1,1,1.484442
37,727.040588,304.659668,666.874634,302.563019,0,0,0,0,0,6.652823
38,828.035095,414.047913,753.285828,416.676483,1,1,1,0,1,0.229263
39,825.794922,406.582336,753.445679,409.170166,1,1,1,0,1,0.024002
40,856.328918,427.958740,783.615356,430.049927,0,0,0,0,0,0.306580
41,840.063538,402.773376,770.383179,407.411713,1,1,1,0,0,1.982467
42,868.109558,602.681763,783.576782,605.847961,1,1,1,0,1,0.162209
43,831.661133,399.822998,757.695251,402.855865,1,1,0,1,1,0.610499
44,779.578064,536.669006,696.472595,538.274536,1,1,1,0,1,0.863699
45,618.371704,327.304047,332.537689,391.949463,0,0,0,0,0,74.493880
46,777.916626,522.790649,696.731689,526.022705,1,1,1,0,1,0.714097
47,779.578064,536.669006,696.472595,538.274536,1,1,1,0,1,0.863699
48,880.285095,563.770569,798.277588,566.779175,1,1,1,0,1,0.326196
49,885.750977,291.249634,725.380615,758.805115,0,0,0,0,0,467.816689
50,885.920044,521.317017,808.081116,523.692505,1,1,0,1,1,0.122873
