=== RT SIFT DIAGNOSTICS ===
This report describes the selected best frame pair only.
Coordinates are undistorted display pixels: frame_B/UI-left -> frame_A/UI-right.

[SELECTED_PAIR]
video=D:\Lightglue\lg_env\SU01\video_20260729_151748.mp4
frame_left_B=1
frame_right_A=0
shared_markers=1
baseline_mm=59.674905
rt_sift_role=validation_only
rt_sift_applied=False
rt_reliable=False

[PIPELINE_COUNTS]
left_keypoint_count=183
right_keypoint_count=207
left_descriptor_count=183
right_descriptor_count=207
knn_pair_count=183
ratio_pass_count=57
mutual_pass_count=53
spatially_balanced_count=47
essential_ransac_inlier_count=33
recoverpose_inlier_count=33
final_rt_sift_point_count=0
final_rt_feature_inlier_count=0
final_rt_feature_outlier_count=47

[FEATURE_QUALITY]
match_count=47
essential_inlier_count=33
inlier_count=33
inlier_ratio=0.7021276595744681
grid_coverage=0.125
hull_coverage=0.04477243426638537
parallax_deg=8.736941207065046
homography_ratio=0.6808510638297872
planar_degenerate=False
model_epi_px=0.3158696960910645
quality_penalty=0.125
quality_ok=False
strong=False
marker_rt_feature_epi_px=16.283196263247643
final_feature_epi_px=inf
final_feature_inlier_p90_px=inf
final_feature_all_p90_px=154.77617636241746
final_feature_holdout_median_px=None
marker_bidir_rms_px=0.19741699319387002
marker_left_to_right_rms_px=0.03479362298186848
marker_right_to_left_rms_px=0.27701325275735933
marker_bidir_max_px=0.300465344016378
marker_pnp_self_reproj_px=0.15276667475700378
joint_solution_role=marker_only
feature_rot_agreement_deg=24.64583571428436
pair_score=0.7371332636857295
combined_score=0.7638282068876144
sharpness_min=47.299568633254964
marker_coverage=0.0009706884952350947

[ACTIVE_THRESHOLDS]
sift_max_keypoints=800
sift_contrast_threshold=0.01
match_ratio=0.75
ransac_threshold_px=0.75
min_matches=11
min_inlier_ratio=0.28
min_grid_coverage=0.16666666666666666
min_hull_coverage=0.02
min_parallax_deg=1.0
strong_inliers=40
strong_grid_coverage=0.25

final_feature_inlier_px=1.5
final_feature_p90_max_px=1.25
marker_bidir_rms_max_px=1.5
marker_bidir_point_max_px=2.0

[FINAL_RT_LEFT_TO_RIGHT]
R0=0.998350203941 0.036759356394 0.0441091828127
R1=-0.0520397793118 0.903902381867 0.424561356489
R2=-0.0242637931923 -0.426156348976 0.904324076074
t_mm=-26.9210211536 -46.9118218271 25.2117796228

[GRID_COUNTS_6x4]
raw_keypoints_left
     5  131   12    0    0    0
     3   28    4    0    0    0
     0    0    0    0    0    0
     0    0    0    0    0    0
raw_keypoints_right
    14  140   17    0    0    0
     9   18    9    0    0    0
     0    0    0    0    0    0
     0    0    0    0    0    0
balanced_candidates_left
     0    0    0    0    0    0
     0    1   18   24    4    0
     0    0    0    0    0    0
     0    0    0    0    0    0
balanced_candidates_right
     0    0    0    0    0    0
     0    3   24   13    4    0
     0    2    1    0    0    0
     0    0    0    0    0    0
essential_inliers_left
     0    0    0    0    0    0
     0    0   13   18    2    0
     0    0    0    0    0    0
     0    0    0    0    0    0
essential_inliers_right
     0    0    0    0    0    0
     0    2   19   10    2    0
     0    0    0    0    0    0
     0    0    0    0    0    0
recoverpose_inliers_left
     0    0    0    0    0    0
     0    0   13   18    2    0
     0    0    0    0    0    0
     0    0    0    0    0    0
recoverpose_inliers_right
     0    0    0    0    0    0
     0    2   19   10    2    0
     0    0    0    0    0    0
     0    0    0    0    0    0
joint_optimization_left
     0    0    0    0    0    0
     0    0    0    0    0    0
     0    0    0    0    0    0
     0    0    0    0    0    0
joint_optimization_right
     0    0    0    0    0    0
     0    0    0    0    0    0
     0    0    0    0    0    0
     0    0    0    0    0    0
holdout_left
     0    0    0    0    0    0
     0    0    0    0    0    0
     0    0    0    0    0    0
     0    0    0    0    0    0
holdout_right
     0    0    0    0    0    0
     0    0    0    0    0    0
     0    0    0    0    0    0
     0    0    0    0    0    0
final_rt_inliers_left
     0    0    0    0    0    0
     0    0    0    0    0    0
     0    0    0    0    0    0
     0    0    0    0    0    0
final_rt_inliers_right
     0    0    0    0    0    0
     0    0    0    0    0    0
     0    0    0    0    0    0
     0    0    0    0    0    0

[MATCH_TABLE]
index,left_x,left_y,right_x,right_y,essential_inlier,recoverpose_inlier,optimization_used,holdout,final_rt_inlier,final_epipolar_px
1,712.443909,327.586975,643.927856,329.833313,1,1,0,0,0,39.408798
2,609.142639,453.785675,529.468872,456.344940,1,1,0,0,0,7.071426
3,730.048279,403.708649,655.718811,405.657379,1,1,0,0,0,23.285776
4,765.743530,508.110840,687.169067,511.256744,1,1,0,0,0,9.820389
5,737.609802,391.664215,664.422791,393.947601,1,1,0,0,0,27.592307
6,666.595337,469.750214,587.310913,471.667999,1,1,0,0,0,1.694172
7,728.290161,356.571991,659.511353,358.555267,1,1,0,0,0,36.933048
8,540.950439,300.688416,332.713684,555.295837,0,0,0,0,0,228.880857
9,728.290161,356.571991,659.511353,358.555267,1,1,0,0,0,36.933048
10,561.640503,447.870667,482.658447,451.260864,1,1,0,0,0,14.832709
11,833.188599,332.694794,333.879059,368.811005,0,0,0,0,0,398.652297
12,543.019287,425.285187,466.033630,427.842499,1,1,0,0,0,16.615216
13,744.412354,367.142426,672.368958,369.690887,1,1,0,0,0,34.490786
14,575.510559,342.344971,502.075104,345.075134,1,1,0,0,0,3.530645
15,712.349304,341.104279,643.579224,343.199280,1,1,0,0,0,36.420075
16,563.844238,372.254517,489.292999,375.204712,1,1,0,0,0,9.309637
17,590.805359,315.843201,520.779663,317.471619,0,0,0,0,0,7.268534
18,699.081238,329.940094,630.650574,331.294769,1,1,0,0,0,36.224483
19,726.087158,436.768860,649.919006,438.767334,1,1,0,0,0,16.146243
20,687.357544,455.678894,609.236572,457.889893,1,1,0,0,0,6.546123
21,572.278503,356.859375,500.442566,359.095459,1,1,0,0,0,3.327764
22,606.496826,324.449524,537.019653,325.681396,0,0,0,0,0,11.609620
23,422.208862,326.926239,331.995514,604.916748,0,0,0,0,0,123.813029
24,831.494324,489.389038,455.787994,578.283203,0,0,0,0,0,301.080987
25,441.529449,358.319458,368.628387,361.406677,1,1,0,0,0,41.049851
26,660.258484,318.002258,592.091675,319.932434,1,1,0,0,0,28.422748
27,634.381409,451.337158,557.070801,455.419556,0,0,0,0,0,1.111881
28,704.729553,453.505157,630.686035,454.154022,0,0,0,0,0,13.952672
29,842.493774,464.456787,770.071045,468.351288,0,0,0,0,0,28.566684
30,644.228760,386.565979,570.205994,388.875488,1,1,0,0,0,9.049154
31,534.054932,419.952209,456.176117,421.557098,1,1,0,0,0,19.281331
32,595.313171,470.126892,515.565308,472.976868,1,1,0,0,0,9.469273
33,928.282593,263.010376,903.778381,268.649109,1,1,0,0,0,154.256730
34,549.096802,379.346283,473.600281,381.583405,1,1,0,0,0,13.864555
35,679.043518,446.660828,599.938110,448.927856,1,1,0,0,0,5.005780
36,772.265137,277.691833,712.616821,281.999725,0,0,0,0,0,76.057926
37,736.003052,410.099060,662.095032,412.244293,1,1,0,0,0,23.630897
38,541.425598,389.377350,465.628906,391.060669,1,1,0,0,0,15.910309
39,441.529449,358.319458,368.628387,361.406677,1,1,0,0,0,41.049851
40,678.992126,467.277130,599.060608,469.745972,1,1,0,0,0,2.652805
41,580.658203,342.328583,946.791931,270.841583,0,0,0,0,0,509.536981
42,704.198486,437.930054,607.671265,444.485229,0,0,0,0,0,9.747200
43,876.288513,261.420349,839.384766,261.953247,0,0,0,0,0,134.968198
44,547.641907,407.456726,471.619293,409.810211,1,1,0,0,0,14.851709
45,655.337646,452.738525,576.962402,454.131622,1,1,0,0,0,2.071587
46,928.282593,263.010376,903.778381,268.649109,1,1,0,0,0,154.256730
47,924.100830,331.325134,926.825378,328.578583,0,0,0,0,0,155.555346
