=== RT SIFT DIAGNOSTICS ===
This report describes the selected best frame pair only.
Coordinates are undistorted display pixels: frame_B/UI-left -> frame_A/UI-right.

[SELECTED_PAIR]
video=D:\Lightglue\lg_env\SU01\video_20260729_150852.mp4
frame_left_B=1
frame_right_A=0
shared_markers=1
baseline_mm=159.730565
rt_sift_role=validation_only
rt_sift_applied=False
rt_reliable=False

[PIPELINE_COUNTS]
left_keypoint_count=255
right_keypoint_count=310
left_descriptor_count=255
right_descriptor_count=310
knn_pair_count=255
ratio_pass_count=60
mutual_pass_count=57
spatially_balanced_count=55
essential_ransac_inlier_count=34
recoverpose_inlier_count=22
final_rt_sift_point_count=0
final_rt_feature_inlier_count=0
final_rt_feature_outlier_count=55

[FEATURE_QUALITY]
match_count=55
essential_inlier_count=34
inlier_count=22
inlier_ratio=0.4
grid_coverage=0.125
hull_coverage=0.01693652749833987
parallax_deg=1.9295362828189209
homography_ratio=0.6363636363636364
planar_degenerate=False
model_epi_px=0.4648517981518843
quality_penalty=0.21148802188122548
quality_ok=False
strong=False
marker_rt_feature_epi_px=23.590605934350865
final_feature_epi_px=inf
final_feature_inlier_p90_px=inf
final_feature_all_p90_px=151.08826503083813
final_feature_holdout_median_px=None
marker_bidir_rms_px=0.34011477116202765
marker_left_to_right_rms_px=0.11189946121976908
marker_right_to_left_rms_px=0.4677976332816598
marker_bidir_max_px=0.48030089144443866
marker_pnp_self_reproj_px=0.2896987199783325
joint_solution_role=marker_only
feature_rot_agreement_deg=65.48882340785413
pair_score=1.2006288360319795
combined_score=0.9904299909295835
sharpness_min=45.811765520265325
marker_coverage=0.0005918245035530844

[ACTIVE_THRESHOLDS]
sift_max_keypoints=800
sift_contrast_threshold=0.01
match_ratio=0.75
ransac_threshold_px=0.75
min_matches=11
min_inlier_ratio=0.28
min_grid_coverage=0.16666666666666666
min_hull_coverage=0.02
min_parallax_deg=1.0
strong_inliers=40
strong_grid_coverage=0.25

final_feature_inlier_px=1.5
final_feature_p90_max_px=1.25
marker_bidir_rms_max_px=1.5
marker_bidir_point_max_px=2.0

[FINAL_RT_LEFT_TO_RIGHT]
R0=0.710673020835 0.0639431218896 -0.700610544183
R1=0.54073124308 0.587428626712 0.602110730079
R2=0.450059529634 -0.806745861893 0.382893632884
t_mm=93.7421103093 -114.912467312 59.3413437888

[GRID_COUNTS_6x4]
raw_keypoints_left
    15  118    0    0    0    0
     4  116    2    0    0    0
     0    0    0    0    0    0
     0    0    0    0    0    0
raw_keypoints_right
    24  143    6    0    0    0
    28  106    3    0    0    0
     0    0    0    0    0    0
     0    0    0    0    0    0
balanced_candidates_left
     0    0    0    0    0    0
     0    0   17   24    0    0
     0    0    5    8    1    0
     0    0    0    0    0    0
balanced_candidates_right
     0    0    0    0    0    0
     0    0   24   15    0    0
     0    2   11    3    0    0
     0    0    0    0    0    0
essential_inliers_left
     0    0    0    0    0    0
     0    0   12   18    0    0
     0    0    0    4    0    0
     0    0    0    0    0    0
essential_inliers_right
     0    0    0    0    0    0
     0    0   20   10    0    0
     0    0    4    0    0    0
     0    0    0    0    0    0
recoverpose_inliers_left
     0    0    0    0    0    0
     0    0    4   14    0    0
     0    0    0    4    0    0
     0    0    0    0    0    0
recoverpose_inliers_right
     0    0    0    0    0    0
     0    0    9    9    0    0
     0    0    4    0    0    0
     0    0    0    0    0    0
joint_optimization_left
     0    0    0    0    0    0
     0    0    0    0    0    0
     0    0    0    0    0    0
     0    0    0    0    0    0
joint_optimization_right
     0    0    0    0    0    0
     0    0    0    0    0    0
     0    0    0    0    0    0
     0    0    0    0    0    0
holdout_left
     0    0    0    0    0    0
     0    0    0    0    0    0
     0    0    0    0    0    0
     0    0    0    0    0    0
holdout_right
     0    0    0    0    0    0
     0    0    0    0    0    0
     0    0    0    0    0    0
     0    0    0    0    0    0
final_rt_inliers_left
     0    0    0    0    0    0
     0    0    0    0    0    0
     0    0    0    0    0    0
     0    0    0    0    0    0
final_rt_inliers_right
     0    0    0    0    0    0
     0    0    0    0    0    0
     0    0    0    0    0    0
     0    0    0    0    0    0

[MATCH_TABLE]
index,left_x,left_y,right_x,right_y,essential_inlier,recoverpose_inlier,optimization_used,holdout,final_rt_inlier,final_epipolar_px
1,631.347046,345.090118,560.167969,347.042694,1,0,0,0,0,26.689389
2,707.923279,351.588623,635.646851,353.778046,1,1,0,0,0,4.572409
3,699.856628,343.608215,629.199890,345.955780,1,1,0,0,0,4.113511
4,572.858826,379.103790,498.263214,382.447174,0,0,0,0,0,82.341085
5,503.719299,443.140106,456.710724,348.701385,0,0,0,0,0,139.439863
6,598.353149,480.284149,515.716431,482.847107,1,1,0,0,0,109.700577
7,652.050171,327.791931,582.360229,329.887878,1,0,0,0,0,8.150502
8,700.748169,516.875977,615.654419,520.201050,0,0,0,0,0,45.525957
9,724.007263,370.366425,651.423035,372.218048,1,1,0,0,0,2.481618
10,708.370605,698.419556,616.245178,702.244690,0,0,0,0,0,40.754055
11,571.261780,277.738129,507.561279,278.719971,1,0,0,0,0,23.860844
12,735.254211,470.146484,656.215698,472.340393,1,1,0,0,0,21.284646
13,648.053772,335.749573,578.342712,337.254272,1,0,0,0,0,13.843064
14,707.923279,351.588623,635.646851,353.778046,1,1,0,0,0,4.572409
15,648.053772,335.749573,578.342712,337.254272,1,0,0,0,0,13.843064
16,664.811279,532.960144,579.166687,535.999329,1,1,0,0,0,72.632322
17,723.319336,470.913818,643.147766,473.377502,1,1,0,0,0,25.980384
18,571.715759,394.646545,497.313477,397.058411,1,0,0,0,0,91.853661
19,743.070740,416.587830,666.225525,418.397888,1,1,0,0,0,4.851574
20,502.645447,469.969452,388.998230,594.422852,0,0,0,0,0,263.846941
21,596.716553,511.069397,509.661316,510.275635,0,0,0,0,0,120.415628
22,726.261169,410.864746,650.299805,412.391022,1,1,0,0,0,9.242591
23,692.916748,490.796661,609.141235,492.087860,1,1,0,0,0,43.590700
24,763.380554,453.339630,685.998108,454.214447,1,1,0,0,0,7.585621
25,744.179688,384.357697,671.320984,390.261139,0,0,0,0,0,1.002275
26,572.868530,420.257874,495.379913,423.250793,1,0,0,0,0,104.190399
27,618.125916,351.356873,546.779236,352.411926,1,0,0,0,0,36.802811
28,735.886108,697.724854,645.191284,702.124512,0,0,0,0,0,18.982657
29,609.074585,352.693481,538.043640,354.881805,1,0,0,0,0,43.845124
30,582.736267,433.270538,504.060272,434.734222,1,1,0,0,0,101.455164
31,725.500244,354.656677,657.080505,359.052734,1,0,0,0,0,4.837426
32,727.687805,384.330383,655.210449,386.242950,1,1,0,0,0,1.876146
33,667.953003,516.935608,583.185913,518.342712,1,1,0,0,0,65.874281
34,619.247681,690.798706,533.644348,692.922302,0,0,0,0,0,147.823579
35,756.622498,367.568604,684.058716,369.246033,0,0,0,0,0,12.893559
36,735.792969,429.068970,658.221802,429.683289,1,1,0,0,0,9.996274
37,559.600098,526.685181,475.893921,531.716431,0,0,0,0,0,172.119367
38,654.931152,420.570709,577.001465,422.667999,1,1,0,0,0,45.561799
39,571.261780,277.738129,507.561279,278.719971,1,0,0,0,0,23.860844
40,664.811279,532.960144,579.166687,535.999329,1,1,0,0,0,72.632322
41,617.062561,492.920593,533.994446,495.561981,1,1,0,0,0,98.813201
42,613.883850,539.641052,528.553467,540.127197,0,0,0,0,0,116.761966
43,728.280029,451.571838,654.793884,448.300476,0,0,0,0,0,20.014637
44,626.870422,687.218323,538.630859,693.595764,0,0,0,0,0,137.372437
45,620.725220,504.814728,536.924683,506.903137,0,0,0,0,0,99.604328
46,472.953796,691.974487,376.477386,695.059204,0,0,0,0,0,441.362899
47,623.924988,344.679993,551.814331,346.106903,1,0,0,0,0,29.622914
48,746.673584,409.754211,671.030090,411.164246,1,1,0,0,0,2.149009
49,643.405823,535.946350,556.416870,538.742737,1,1,0,0,0,89.409919
50,552.936707,478.555939,470.040344,482.559387,1,1,0,0,0,153.264722
51,757.873352,393.553284,684.279724,398.374573,0,0,0,0,0,2.783278
52,836.274719,691.907410,756.593872,704.790344,0,0,0,0,0,22.639303
53,666.061096,344.917145,690.193542,646.549988,0,0,0,0,0,265.420135
54,898.579407,725.819275,772.224487,320.676300,0,0,0,0,0,247.305307
55,724.658081,421.443848,569.815613,529.052490,0,0,0,0,0,21.659026
