=== RT SIFT DIAGNOSTICS ===
This report describes the selected best frame pair only.
Coordinates are undistorted display pixels: frame_B/UI-left -> frame_A/UI-right.

[SELECTED_PAIR]
video=D:\Lightglue\lg_env\SU01\video_20260729_155315.mp4
frame_left_B=1
frame_right_A=0
shared_markers=1
baseline_mm=20.158981
rt_sift_role=final_rt
rt_sift_applied=True
rt_reliable=True

[PIPELINE_COUNTS]
left_keypoint_count=232
right_keypoint_count=243
left_descriptor_count=232
right_descriptor_count=243
knn_pair_count=232
ratio_pass_count=64
mutual_pass_count=52
spatially_balanced_count=43
essential_ransac_inlier_count=26
recoverpose_inlier_count=26
final_rt_sift_point_count=20
final_rt_feature_inlier_count=23
final_rt_feature_outlier_count=20

[FEATURE_QUALITY]
match_count=43
essential_inlier_count=26
inlier_count=26
inlier_ratio=0.6046511627906976
grid_coverage=0.16666666666666666
hull_coverage=0.053204838012370456
parallax_deg=6.453820676177687
homography_ratio=0.5813953488372093
planar_degenerate=False
model_epi_px=0.4357007965186105
quality_penalty=0.08333333333333334
quality_ok=True
strong=False
marker_rt_feature_epi_px=1.1115463564896428
final_feature_epi_px=0.5260458476910456
final_feature_inlier_p90_px=0.9774731176577733
final_feature_all_p90_px=31.14095379304082
final_feature_holdout_median_px=0.4222379491641721
marker_bidir_rms_px=0.221121227783431
marker_left_to_right_rms_px=0.24359813884801543
marker_right_to_left_rms_px=0.19608452642339463
marker_bidir_max_px=0.3211564917644313
marker_pnp_self_reproj_px=0.07560820877552032
joint_solution_role=joint_from_marker_w12
feature_rot_agreement_deg=3.140006761409764
pair_score=0.7492715265101433
combined_score=0.3292716436915923
sharpness_min=56.179635595679294
marker_coverage=0.0008609177265853418

[ACTIVE_THRESHOLDS]
sift_max_keypoints=800
sift_contrast_threshold=0.01
match_ratio=0.75
ransac_threshold_px=0.75
min_matches=11
min_inlier_ratio=0.28
min_grid_coverage=0.16666666666666666
min_hull_coverage=0.02
min_parallax_deg=1.0
strong_inliers=40
strong_grid_coverage=0.25

final_feature_inlier_px=1.5
final_feature_p90_max_px=1.25
marker_bidir_rms_max_px=1.5
marker_bidir_point_max_px=2.0

[FINAL_RT_LEFT_TO_RIGHT]
R0=0.99997621927 0.00578775829259 -0.00375003301517
R1=-0.00580815621584 0.999968272547 -0.00545153384289
R2=0.00371836187596 0.005473184979 0.999978108776
t_mm=-20.1006753421 1.48217288987 -0.387979690002

[GRID_COUNTS_6x4]
raw_keypoints_left
    16  111   44    0    0    0
     5   39   17    0    0    0
     0    0    0    0    0    0
     0    0    0    0    0    0
raw_keypoints_right
    15  130   30    0    0    0
     5   51   12    0    0    0
     0    0    0    0    0    0
     0    0    0    0    0    0
balanced_candidates_left
     0    0    0    0    0    0
     0    3    4   24    2    0
     0    0    4    4    2    0
     0    0    0    0    0    0
balanced_candidates_right
     0    0    0    0    0    0
     0    3    8   22    3    0
     0    0    2    5    0    0
     0    0    0    0    0    0
essential_inliers_left
     0    0    0    0    0    0
     0    0    1   19    2    0
     0    0    1    2    1    0
     0    0    0    0    0    0
essential_inliers_right
     0    0    0    0    0    0
     0    0    6   16    0    0
     0    0    1    3    0    0
     0    0    0    0    0    0
recoverpose_inliers_left
     0    0    0    0    0    0
     0    0    1   19    2    0
     0    0    1    2    1    0
     0    0    0    0    0    0
recoverpose_inliers_right
     0    0    0    0    0    0
     0    0    6   16    0    0
     0    0    1    3    0    0
     0    0    0    0    0    0
joint_optimization_left
     0    0    0    0    0    0
     0    0    1   15    2    0
     0    0    1    1    0    0
     0    0    0    0    0    0
joint_optimization_right
     0    0    0    0    0    0
     0    0    5   13    0    0
     0    0    1    1    0    0
     0    0    0    0    0    0
holdout_left
     0    0    0    0    0    0
     0    0    0    4    0    0
     0    0    0    1    1    0
     0    0    0    0    0    0
holdout_right
     0    0    0    0    0    0
     0    0    1    3    0    0
     0    0    0    2    0    0
     0    0    0    0    0    0
final_rt_inliers_left
     0    0    0    0    0    0
     0    0    1   17    2    0
     0    0    0    2    1    0
     0    0    0    0    0    0
final_rt_inliers_right
     0    0    0    0    0    0
     0    0    6   14    0    0
     0    0    0    3    0    0
     0    0    0    0    0    0

[MATCH_TABLE]
index,left_x,left_y,right_x,right_y,essential_inlier,recoverpose_inlier,optimization_used,holdout,final_rt_inlier,final_epipolar_px
1,354.542145,495.239655,324.662201,465.135925,0,0,0,0,0,31.444095
2,846.565247,481.126678,766.957092,484.108093,0,0,0,0,0,0.422588
3,825.438171,475.737122,747.644348,477.537750,1,1,0,1,1,0.717252
4,449.297485,440.660278,400.165131,438.340302,0,0,0,0,0,4.527225
5,410.146118,458.996429,381.920074,429.781403,0,0,0,0,0,29.928389
6,823.054871,480.707458,745.242249,482.671753,1,1,1,0,1,0.586286
7,364.997345,470.623566,647.104675,330.966156,0,0,0,0,0,115.856723
8,801.871277,485.192108,724.001526,487.367157,1,1,1,0,1,0.526046
9,841.836670,466.984955,763.715881,468.769257,1,1,1,0,1,0.632021
10,496.065399,381.845184,444.474304,383.869141,1,1,1,0,1,0.216224
11,484.163727,467.639435,938.926208,434.661346,0,0,0,0,0,5.605024
12,711.274414,392.127197,644.150574,394.119873,1,1,0,1,1,0.033328
13,795.557678,606.269836,441.702545,319.695099,0,0,0,0,0,310.383204
14,850.321838,374.157471,778.270630,376.298920,1,1,1,0,1,0.627773
15,739.123779,348.442932,675.417603,349.654633,1,1,1,0,1,0.089771
16,689.528015,480.785004,617.366760,483.217102,1,1,1,0,1,0.471780
17,670.222717,451.196655,600.935242,452.841400,1,1,1,0,1,1.007754
18,780.429382,510.085205,705.105774,510.917206,0,0,0,0,0,1.862060
19,878.353638,563.273499,794.679871,565.843628,1,1,0,1,1,0.294456
20,712.339111,378.195404,646.833252,380.089325,1,1,1,0,1,0.142971
21,782.429688,597.945435,701.822571,601.024231,1,1,1,0,1,0.239391
22,730.333374,490.509735,654.707458,493.372101,0,0,0,0,0,0.116336
23,805.878662,492.587280,728.837524,493.981842,1,1,1,0,1,1.232889
24,732.030212,500.693115,655.955078,502.874542,1,1,1,0,1,0.856349
25,701.287964,408.183380,633.470703,410.269379,1,1,0,1,1,0.066707
26,877.989685,405.353271,804.692444,407.651276,1,1,1,0,1,0.700379
27,750.396912,490.631470,672.688477,491.754333,1,1,1,0,0,1.895432
28,837.785339,361.242065,767.626465,361.997650,0,0,0,0,0,0.606459
29,750.396912,490.631470,672.688477,491.754333,1,1,1,0,0,1.895432
30,865.957581,390.310486,793.918091,391.824188,1,1,1,0,1,0.014926
31,746.197144,357.774139,679.088440,359.910156,1,1,0,1,1,0.550020
32,677.408508,457.369446,607.871643,459.978149,1,1,1,0,1,0.055555
33,523.219421,638.508606,614.515137,305.871765,0,0,0,0,0,321.949902
34,569.330200,752.989136,524.078613,757.930359,0,0,0,0,0,3.152998
35,739.123779,348.442932,675.417603,349.654633,1,1,1,0,1,0.089771
36,820.108276,342.262207,708.866638,344.637482,0,0,0,0,0,2.120614
37,669.621887,488.278168,597.968018,490.232941,1,1,1,0,1,1.055556
38,931.891846,543.281616,846.586182,546.813538,0,0,0,0,0,0.916725
39,628.878174,300.098724,958.386414,279.558655,0,0,0,0,0,7.289014
40,613.788940,591.302490,546.417358,596.626282,1,1,1,0,0,1.970682
41,509.596954,644.132019,941.591980,294.392365,0,0,0,0,0,311.338208
42,794.135559,527.180115,715.369568,530.942017,0,0,0,0,0,0.810197
43,813.566406,544.309082,732.424133,546.772034,1,1,0,1,1,0.594064
