=== RT SIFT DIAGNOSTICS ===
This report describes the selected best frame pair only.
Coordinates are undistorted display pixels: frame_B/UI-left -> frame_A/UI-right.

[SELECTED_PAIR]
video=D:\Lightglue\lg_env\SU01\video_20260729_152425.mp4
frame_left_B=1
frame_right_A=0
shared_markers=1
baseline_mm=23.376211
rt_sift_role=validation_only
rt_sift_applied=False
rt_reliable=False

[PIPELINE_COUNTS]
left_keypoint_count=189
right_keypoint_count=182
left_descriptor_count=189
right_descriptor_count=182
knn_pair_count=189
ratio_pass_count=63
mutual_pass_count=57
spatially_balanced_count=49
essential_ransac_inlier_count=33
recoverpose_inlier_count=33
final_rt_sift_point_count=0
final_rt_feature_inlier_count=3
final_rt_feature_outlier_count=46

[FEATURE_QUALITY]
match_count=49
essential_inlier_count=33
inlier_count=33
inlier_ratio=0.673469387755102
grid_coverage=0.125
hull_coverage=0.041367774387344625
parallax_deg=3.172200714761653
homography_ratio=0.6938775510204082
planar_degenerate=False
model_epi_px=0.22789907422011194
quality_penalty=0.125
quality_ok=False
strong=False
marker_rt_feature_epi_px=4.938612302755887
final_feature_epi_px=1.0670423611811257
final_feature_inlier_p90_px=1.0714638607730183
final_feature_all_p90_px=10.13203844263591
final_feature_holdout_median_px=None
marker_bidir_rms_px=0.02201476699597433
marker_left_to_right_rms_px=0.022021834333792366
marker_right_to_left_rms_px=0.022007697388620302
marker_bidir_max_px=0.024047777288870146
marker_pnp_self_reproj_px=0.02204176038503647
joint_solution_role=marker_only
feature_rot_agreement_deg=6.1357989832933315
pair_score=0.8470653836424945
combined_score=0.4446067377797479
sharpness_min=36.63237533552514
marker_coverage=0.0009494083123968266

[ACTIVE_THRESHOLDS]
sift_max_keypoints=800
sift_contrast_threshold=0.01
match_ratio=0.75
ransac_threshold_px=0.75
min_matches=11
min_inlier_ratio=0.28
min_grid_coverage=0.16666666666666666
min_hull_coverage=0.02
min_parallax_deg=1.0
strong_inliers=40
strong_grid_coverage=0.25

final_feature_inlier_px=1.5
final_feature_p90_max_px=1.25
marker_bidir_rms_max_px=1.5
marker_bidir_point_max_px=2.0

[FINAL_RT_LEFT_TO_RIGHT]
R0=0.999818793819 0.00178035856756 0.0189528322278
R1=-0.00102961675192 0.999217166303 -0.0395473697475
R2=-0.0190084038107 0.0395206893661 0.999037935064
t_mm=-22.6945204362 5.36923005706 -1.60541277427

[GRID_COUNTS_6x4]
raw_keypoints_left
    11  143   16    0    0    0
     3   13    3    0    0    0
     0    0    0    0    0    0
     0    0    0    0    0    0
raw_keypoints_right
    27  116   19    0    0    0
     4   13    3    0    0    0
     0    0    0    0    0    0
     0    0    0    0    0    0
balanced_candidates_left
     0    0    0    0    0    0
     0    0   19   24    1    0
     0    1    1    3    0    0
     0    0    0    0    0    0
balanced_candidates_right
     0    0    0    0    0    0
     0    3   24   16    1    0
     0    1    4    0    0    0
     0    0    0    0    0    0
essential_inliers_left
     0    0    0    0    0    0
     0    0   14   18    0    0
     0    0    0    1    0    0
     0    0    0    0    0    0
essential_inliers_right
     0    0    0    0    0    0
     0    1   20   11    0    0
     0    0    1    0    0    0
     0    0    0    0    0    0
recoverpose_inliers_left
     0    0    0    0    0    0
     0    0   14   18    0    0
     0    0    0    1    0    0
     0    0    0    0    0    0
recoverpose_inliers_right
     0    0    0    0    0    0
     0    1   20   11    0    0
     0    0    1    0    0    0
     0    0    0    0    0    0
joint_optimization_left
     0    0    0    0    0    0
     0    0    0    0    0    0
     0    0    0    0    0    0
     0    0    0    0    0    0
joint_optimization_right
     0    0    0    0    0    0
     0    0    0    0    0    0
     0    0    0    0    0    0
     0    0    0    0    0    0
holdout_left
     0    0    0    0    0    0
     0    0    0    0    0    0
     0    0    0    0    0    0
     0    0    0    0    0    0
holdout_right
     0    0    0    0    0    0
     0    0    0    0    0    0
     0    0    0    0    0    0
     0    0    0    0    0    0
final_rt_inliers_left
     0    0    0    0    0    0
     0    0    0    2    0    0
     0    0    0    1    0    0
     0    0    0    0    0    0
final_rt_inliers_right
     0    0    0    0    0    0
     0    0    2    0    0    0
     0    0    1    0    0    0
     0    0    0    0    0    0

[MATCH_TABLE]
index,left_x,left_y,right_x,right_y,essential_inlier,recoverpose_inlier,optimization_used,holdout,final_rt_inlier,final_epipolar_px
1,607.809692,330.035889,537.713013,332.065247,1,1,0,0,0,6.743178
2,614.589783,428.286072,538.153748,431.102020,1,1,0,0,0,3.114159
3,732.460205,440.587952,654.885803,443.754456,0,0,0,0,0,2.978493
4,755.773621,399.721375,682.566956,401.589142,1,1,0,0,0,3.915955
5,768.875916,378.494965,697.371338,380.638885,1,1,0,0,0,5.269438
6,675.821228,549.271423,579.426147,552.454468,0,0,0,0,0,3.585246
7,489.272949,304.450989,422.254669,305.942841,0,0,0,0,0,7.081541
8,740.249084,322.938721,671.992798,324.128998,0,0,0,0,0,7.128477
9,564.360046,387.342590,489.121948,389.145294,1,1,0,0,0,3.316407
10,600.730835,335.918671,529.854187,338.012085,1,1,0,0,0,6.383550
11,617.925903,441.356842,539.668945,444.047607,1,1,0,0,0,2.265392
12,643.937988,435.666229,565.642029,437.506439,1,1,0,0,0,1.611052
13,564.360046,387.342590,489.121948,389.145294,1,1,0,0,0,3.316407
14,579.245178,344.608856,507.091553,347.190155,1,1,0,0,0,6.155719
15,641.745239,545.188416,568.113708,546.994019,1,1,0,0,1,1.047867
16,758.126648,389.926697,686.020691,391.694611,1,1,0,0,0,4.388966
17,749.620056,333.056793,680.997009,334.767151,1,1,0,0,0,7.159498
18,650.990112,579.790710,579.327820,583.377563,0,0,0,0,0,3.091655
19,823.986267,298.152466,762.444031,301.661407,1,1,0,0,0,12.104861
20,568.384277,351.896088,496.622528,354.052063,1,1,0,0,0,5.540730
21,735.310364,331.695496,667.458923,333.341553,1,1,0,0,0,7.295348
22,724.828674,328.357574,655.909546,329.256653,0,0,0,0,0,6.442092
23,704.205078,449.863800,625.743530,451.481934,1,1,0,0,1,1.067042
24,723.137817,308.253021,658.791016,309.956329,1,1,0,0,0,9.053119
25,667.475952,455.939331,589.819885,457.503510,1,1,0,0,1,1.072569
26,576.685425,414.604797,499.564240,417.211517,1,1,0,0,0,2.976723
27,709.238953,419.538269,633.980347,422.444336,0,0,0,0,0,3.833432
28,702.750000,313.836517,636.580017,316.897369,1,1,0,0,0,9.638833
29,744.761230,409.503662,670.229736,411.253052,1,1,0,0,0,3.192610
30,668.542114,373.159821,594.884338,375.434967,1,1,0,0,0,4.914568
31,665.955627,309.963318,597.705322,312.120026,1,1,0,0,0,8.317990
32,751.756470,354.459290,682.906494,356.944061,1,1,0,0,0,7.041530
33,556.536804,379.555511,481.532654,381.566620,1,1,0,0,0,3.757021
34,597.269348,302.590302,534.003357,303.633057,1,1,0,0,0,8.293343
35,490.181641,549.038086,581.185242,541.675476,0,0,0,0,0,34.143936
36,849.826233,493.030029,777.379517,496.547882,0,0,0,0,0,3.174236
37,685.733459,390.992462,612.386353,390.931458,0,0,0,0,0,2.233135
38,524.008606,333.039215,453.278870,334.239899,1,1,0,0,0,5.227243
39,711.182617,435.751892,635.099609,437.218750,1,1,0,0,0,1.838448
40,423.495056,549.772278,341.953247,552.731079,0,0,0,0,0,0.142033
41,823.986267,298.152466,762.444031,301.661407,1,1,0,0,0,12.104861
42,757.857788,365.102631,689.480103,366.251221,1,1,0,0,0,5.504673
43,594.297485,342.084442,522.693787,345.801697,0,0,0,0,0,7.528419
44,621.131348,414.916626,543.377319,417.064880,1,1,0,0,0,2.503914
45,589.247192,323.763153,514.613159,328.060883,0,0,0,0,0,8.034123
46,466.791962,505.627747,387.800171,510.684143,1,1,0,0,0,2.956139
47,911.854248,315.151855,893.639404,350.959229,0,0,0,0,0,52.281015
48,480.302002,439.806824,401.715790,440.794098,0,0,0,0,0,0.146984
49,489.272949,304.450989,777.379517,496.547882,0,0,0,0,0,275.021169
