=== RT SIFT DIAGNOSTICS ===
This report describes the selected best frame pair only.
Coordinates are undistorted display pixels: frame_B/UI-left -> frame_A/UI-right.

[SELECTED_PAIR]
video=D:\Lightglue\lg_env\HBVCAM_4M2214HD-2-v11\video_20260729_104856.mp4
frame_left_B=1
frame_right_A=0
shared_markers=1
baseline_mm=59.871933
rt_sift_role=validation_only
rt_sift_applied=False
rt_reliable=True

[PIPELINE_COUNTS]
left_keypoint_count=631
right_keypoint_count=664
left_descriptor_count=631
right_descriptor_count=664
knn_pair_count=631
ratio_pass_count=61
mutual_pass_count=49
spatially_balanced_count=49
essential_ransac_inlier_count=22
recoverpose_inlier_count=22
final_rt_sift_point_count=0
final_rt_feature_inlier_count=19
final_rt_feature_outlier_count=30

[FEATURE_QUALITY]
match_count=49
essential_inlier_count=22
inlier_count=22
inlier_ratio=0.4489795918367347
grid_coverage=0.20833333333333334
hull_coverage=0.06894927830305986
parallax_deg=17.275941951510678
homography_ratio=0.2653061224489796
planar_degenerate=False
model_epi_px=0.18889674241993373
quality_penalty=0.04166666666666666
quality_ok=True
strong=False
marker_rt_feature_epi_px=0.6545567367388689
final_feature_epi_px=0.47524216851332113
final_feature_inlier_p90_px=1.0410987869703066
final_feature_all_p90_px=100.10911559371198
final_feature_holdout_median_px=0.47524216851332113
marker_bidir_rms_px=0.042528461383776736
marker_left_to_right_rms_px=0.050060098660181226
marker_right_to_left_rms_px=0.033336565172130427
marker_bidir_max_px=0.05032540836291169
marker_pnp_self_reproj_px=0.041678786277770996
joint_solution_role=marker_only
feature_rot_agreement_deg=1.7082982981999146
pair_score=0.5135349242308089
combined_score=0.18817086701108823
sharpness_min=101.25641153199949
marker_coverage=0.0006731784281047438

[ACTIVE_THRESHOLDS]
sift_max_keypoints=800
sift_contrast_threshold=0.01
match_ratio=0.75
ransac_threshold_px=0.75
min_matches=11
min_inlier_ratio=0.28
min_grid_coverage=0.16666666666666666
min_hull_coverage=0.02
min_parallax_deg=1.0
strong_inliers=40
strong_grid_coverage=0.25

final_feature_inlier_px=1.5
final_feature_p90_max_px=1.25
marker_bidir_rms_max_px=1.5
marker_bidir_point_max_px=2.0

[FINAL_RT_LEFT_TO_RIGHT]
R0=0.999857228147 0.00269712206944 -0.0166807929891
R1=-0.00267048007981 0.999995123297 0.00161923392829
R2=0.0166850789134 -0.00157445702187 0.999859554751
t_mm=-59.8703509801 0.435205455355 -0.00193508441627

[GRID_COUNTS_6x4]
raw_keypoints_left
    91  275  204    0    0    0
     2    4   55    0    0    0
     0    0    0    0    0    0
     0    0    0    0    0    0
raw_keypoints_right
    55  458   24    0    0    0
    28   93    6    0    0    0
     0    0    0    0    0    0
     0    0    0    0    0    0
balanced_candidates_left
     0    0    0    2    2    2
     1    2    1   23    9    2
     0    0    0    0    5    0
     0    0    0    0    0    0
balanced_candidates_right
     1    2    1    2    3    0
     0    1   14   15    1    2
     0    0    0    7    0    0
     0    0    0    0    0    0
essential_inliers_left
     0    0    0    1    1    1
     0    0    0   15    3    0
     0    0    0    0    1    0
     0    0    0    0    0    0
essential_inliers_right
     0    0    0    1    2    0
     0    0    8   10    0    0
     0    0    0    1    0    0
     0    0    0    0    0    0
recoverpose_inliers_left
     0    0    0    1    1    1
     0    0    0   15    3    0
     0    0    0    0    1    0
     0    0    0    0    0    0
recoverpose_inliers_right
     0    0    0    1    2    0
     0    0    8   10    0    0
     0    0    0    1    0    0
     0    0    0    0    0    0
joint_optimization_left
     0    0    0    1    0    1
     0    0    0   12    2    0
     0    0    0    0    1    0
     0    0    0    0    0    0
joint_optimization_right
     0    0    0    1    1    0
     0    0    5    9    0    0
     0    0    0    1    0    0
     0    0    0    0    0    0
holdout_left
     0    0    0    0    1    0
     0    0    0    3    1    0
     0    0    0    0    0    0
     0    0    0    0    0    0
holdout_right
     0    0    0    0    1    0
     0    0    3    1    0    0
     0    0    0    0    0    0
     0    0    0    0    0    0
final_rt_inliers_left
     0    0    0    1    0    0
     0    0    0   15    3    0
     0    0    0    0    0    0
     0    0    0    0    0    0
final_rt_inliers_right
     0    0    0    1    0    0
     0    0    8   10    0    0
     0    0    0    0    0    0
     0    0    0    0    0    0

[MATCH_TABLE]
index,left_x,left_y,right_x,right_y,essential_inlier,recoverpose_inlier,optimization_used,holdout,final_rt_inlier,final_epipolar_px
1,1322.406128,283.309021,1104.039307,308.319702,0,0,0,0,0,22.199235
2,1592.684937,137.738617,1430.055176,143.792358,1,1,0,1,0,2.301602
3,1065.247192,442.837769,862.104004,538.466919,0,0,0,0,0,92.591521
4,1270.328979,257.387085,1033.979126,259.829407,0,0,0,0,0,0.630251
5,1760.087280,172.737732,1599.848511,179.737320,1,1,0,0,0,3.305488
6,112.350075,409.279175,174.399414,176.991684,0,0,0,0,0,233.334883
7,1341.918091,650.652222,997.158752,653.896606,0,0,0,0,0,0.848353
8,1139.853882,506.285858,1072.334595,612.806213,0,0,0,0,0,104.734764
9,1007.829041,367.705719,799.162903,437.639038,0,0,0,0,0,66.852612
10,1392.396606,785.354675,1022.102783,747.270813,0,0,0,0,0,39.871638
11,1220.000366,254.893158,982.788940,258.454407,1,1,0,0,1,0.496478
12,1236.640869,297.113892,982.438171,301.430450,1,1,0,0,1,1.225646
13,415.511414,405.837006,474.273010,248.091705,0,0,0,0,0,159.230987
14,1782.382935,273.272308,1864.459229,298.215057,0,0,0,0,0,24.373378
15,1155.622192,466.983032,852.900513,467.682434,0,0,0,0,0,2.689673
16,1568.310059,750.559326,1211.069580,652.127258,0,0,0,0,0,98.952704
17,1287.094604,311.123108,1022.244202,314.268677,1,1,0,0,1,0.042740
18,1782.382935,273.272308,1864.459229,298.215057,0,0,0,0,0,24.373378
19,1171.918701,306.874573,913.763123,311.495331,0,0,0,0,0,1.486499
20,1070.534058,291.682312,814.847961,297.319000,0,0,0,0,0,2.475205
21,1444.938843,559.864319,1122.636353,562.822205,0,0,0,0,0,0.987934
22,1303.902954,328.491058,1038.133911,332.490936,1,1,0,1,1,0.964603
23,1148.749512,307.310242,887.953003,310.254333,1,1,0,0,1,0.222660
24,1133.774902,350.797516,857.237549,354.004974,1,1,0,0,1,0.069147
25,1394.568481,532.710571,1066.273071,532.401794,0,0,0,0,0,2.721837
26,1217.392700,287.461639,963.723633,291.367523,1,1,0,0,1,0.791448
27,719.785583,368.622375,583.898071,467.875305,0,0,0,0,0,95.910399
28,1596.633545,280.330200,1382.325684,298.977356,0,0,0,0,0,15.919254
29,1277.312134,281.567474,1029.996338,285.492188,1,1,0,0,1,0.850726
30,1354.716431,340.038269,947.611694,265.645508,0,0,0,0,0,78.519993
31,1181.985596,288.223663,926.177307,291.382202,1,1,0,1,1,0.021860
32,1208.897827,321.694672,945.256958,325.153198,1,1,0,0,1,0.331236
33,1563.977539,149.696396,1383.363403,151.686310,0,0,0,0,0,1.730334
34,1143.590698,328.731720,878.227051,334.049042,0,0,0,0,0,2.125933
35,1258.026855,299.669159,1000.852844,302.527954,1,1,0,0,1,0.239721
36,1190.413940,355.939575,922.307495,359.930420,1,1,0,0,1,0.860786
37,1438.222290,556.878784,1106.711426,562.466797,1,1,0,0,0,3.506558
38,449.837982,298.001831,488.173187,190.351440,0,0,0,0,0,108.200719
39,1166.294922,353.890411,892.966248,356.621155,1,1,0,1,1,0.475242
40,1277.312134,281.567474,1029.996338,285.492188,1,1,0,0,1,0.850726
41,1382.031982,486.514648,1075.809692,490.388031,1,1,0,0,1,1.367772
42,1228.035156,319.097076,969.427368,321.953064,1,1,0,0,1,0.224701
43,1795.293823,213.652832,1214.331177,623.214355,0,0,0,0,0,405.820053
44,1268.304688,279.275513,1019.382812,283.363708,1,1,0,0,1,0.994962
45,1193.575195,392.267029,904.855652,395.382355,1,1,0,1,1,0.113719
46,1233.062012,288.625916,1045.288574,286.158051,0,0,0,0,0,5.109386
47,1331.320435,478.583313,1053.931641,473.938324,0,0,0,0,0,7.188731
48,1349.556641,444.538177,1055.970459,439.381958,0,0,0,0,0,7.881336
49,1261.485474,512.737366,936.144714,515.372864,1,1,0,0,1,0.438081
