=== RT SIFT DIAGNOSTICS ===
This report describes the selected best frame pair only.
Coordinates are undistorted display pixels: frame_B/UI-left -> frame_A/UI-right.

[SELECTED_PAIR]
video=D:\Lightglue\lg_env\HBVCAM_4M2214HD-2-v11\video_20260729_114726.mp4
frame_left_B=1
frame_right_A=0
shared_markers=1
baseline_mm=64.638973
rt_sift_role=validation_only
rt_sift_applied=False
rt_reliable=False

[PIPELINE_COUNTS]
left_keypoint_count=570
right_keypoint_count=547
left_descriptor_count=570
right_descriptor_count=547
knn_pair_count=570
ratio_pass_count=50
mutual_pass_count=41
spatially_balanced_count=41
essential_ransac_inlier_count=13
recoverpose_inlier_count=11
final_rt_sift_point_count=0
final_rt_feature_inlier_count=1
final_rt_feature_outlier_count=40

[FEATURE_QUALITY]
match_count=41
essential_inlier_count=13
inlier_count=11
inlier_ratio=0.2682926829268293
grid_coverage=0.16666666666666666
hull_coverage=0.033521531377215676
parallax_deg=16.831464448221734
homography_ratio=0.2682926829268293
planar_degenerate=False
model_epi_px=0.17853693624503203
quality_penalty=0.18933490774194525
quality_ok=False
strong=False
marker_rt_feature_epi_px=4.128402483219143
final_feature_epi_px=0.5599065709442528
final_feature_inlier_p90_px=0.5599065709442528
final_feature_all_p90_px=272.03800087365494
final_feature_holdout_median_px=None
marker_bidir_rms_px=0.07645686501466216
marker_left_to_right_rms_px=0.10604963816314944
marker_right_to_left_rms_px=0.0210897762246454
marker_bidir_max_px=0.1090312509778142
marker_pnp_self_reproj_px=0.06328833103179932
joint_solution_role=marker_only
feature_rot_agreement_deg=2.6566119859364745
pair_score=0.6788595786480854
combined_score=0.3636605478883031
sharpness_min=63.96333229326581
marker_coverage=0.0007986822703062416

[ACTIVE_THRESHOLDS]
sift_max_keypoints=800
sift_contrast_threshold=0.01
match_ratio=0.75
ransac_threshold_px=0.75
min_matches=11
min_inlier_ratio=0.28
min_grid_coverage=0.16666666666666666
min_hull_coverage=0.02
min_parallax_deg=1.0
strong_inliers=40
strong_grid_coverage=0.25

final_feature_inlier_px=1.5
final_feature_p90_max_px=1.25
marker_bidir_rms_max_px=1.5
marker_bidir_point_max_px=2.0

[FINAL_RT_LEFT_TO_RIGHT]
R0=0.999818729323 -0.0060800003007 0.0180427850135
R1=0.00616639630927 0.999969769482 -0.00473663146944
R2=-0.01801344085 0.00484703181996 0.999825995977
t_mm=-64.5775005364 1.64067501077 -2.29160911535

[GRID_COUNTS_6x4]
raw_keypoints_left
    51  107  109    0    0    0
    46  186   71    0    0    0
     0    0    0    0    0    0
     0    0    0    0    0    0
raw_keypoints_right
    26  149   90    0    0    0
    55  193   34    0    0    0
     0    0    0    0    0    0
     0    0    0    0    0    0
balanced_candidates_left
     1    2    0    0    1    2
     0    0    3    1   11    0
     0    2    0    7    8    1
     0    0    0    0    0    2
balanced_candidates_right
     0    1    0    0    1    0
     1    0    4    7    2    0
     0    1    7   11    4    1
     1    0    0    0    0    0
essential_inliers_left
     0    0    0    0    1    0
     0    0    0    0    4    0
     0    1    0    3    3    1
     0    0    0    0    0    0
essential_inliers_right
     0    0    0    0    1    0
     0    0    0    4    0    0
     0    0    2    5    1    0
     0    0    0    0    0    0
recoverpose_inliers_left
     0    0    0    0    0    0
     0    0    0    0    4    0
     0    0    0    3    3    1
     0    0    0    0    0    0
recoverpose_inliers_right
     0    0    0    0    0    0
     0    0    0    4    0    0
     0    0    2    4    1    0
     0    0    0    0    0    0
joint_optimization_left
     0    0    0    0    0    0
     0    0    0    0    0    0
     0    0    0    0    0    0
     0    0    0    0    0    0
joint_optimization_right
     0    0    0    0    0    0
     0    0    0    0    0    0
     0    0    0    0    0    0
     0    0    0    0    0    0
holdout_left
     0    0    0    0    0    0
     0    0    0    0    0    0
     0    0    0    0    0    0
     0    0    0    0    0    0
holdout_right
     0    0    0    0    0    0
     0    0    0    0    0    0
     0    0    0    0    0    0
     0    0    0    0    0    0
final_rt_inliers_left
     0    0    0    0    0    0
     0    0    0    0    1    0
     0    0    0    0    0    0
     0    0    0    0    0    0
final_rt_inliers_right
     0    0    0    0    0    0
     0    0    0    1    0    0
     0    0    0    0    0    0
     0    0    0    0    0    0

[MATCH_TABLE]
index,left_x,left_y,right_x,right_y,essential_inlier,recoverpose_inlier,optimization_used,holdout,final_rt_inlier,final_epipolar_px
1,1258.332886,686.267151,967.624084,688.625793,1,1,0,0,0,5.647860
2,1482.718750,431.306763,735.128357,362.156006,0,0,0,0,0,85.514496
3,387.883118,627.127014,1194.329102,554.554871,1,0,0,0,0,36.494019
4,1539.932739,690.678284,1310.284302,693.173767,0,0,0,0,0,6.870998
5,988.868103,764.389954,676.043396,773.219238,0,0,0,0,0,2.697163
6,1697.675903,822.828247,1529.000000,768.537109,0,0,0,0,0,65.007000
7,1363.936401,567.216431,1080.887573,569.109314,0,0,0,0,0,5.395474
8,1368.062500,517.688721,1079.824585,520.864441,1,1,0,0,0,3.539516
9,1502.876831,461.860962,1002.763123,678.463745,0,0,0,0,0,201.082733
10,1365.251953,574.009277,1083.047607,576.992126,1,1,0,0,0,4.404587
11,1299.115845,683.202759,1011.735962,688.456299,0,0,0,0,0,3.113470
12,1279.661987,570.769958,983.044312,566.545654,0,0,0,0,0,11.114313
13,1199.010620,556.262817,887.201416,559.768799,1,1,0,0,0,2.941161
14,1299.546875,455.334412,1000.841125,458.991730,1,1,0,0,0,1.801616
15,1152.797729,633.378052,847.695740,650.469482,0,0,0,0,0,10.317806
16,1756.160400,132.563110,1331.079346,410.897217,0,0,0,0,0,272.038001
17,475.004608,194.904434,255.278320,936.833923,0,0,0,0,0,744.730747
18,1756.160400,132.563110,1331.079346,410.897217,0,0,0,0,0,272.038001
19,1342.041626,621.486816,1058.425537,623.771179,1,1,0,0,0,5.597684
20,1467.450806,389.897675,852.075256,364.188232,0,0,0,0,0,38.178057
21,1632.323364,810.193665,1475.476807,764.480164,0,0,0,0,0,54.861670
22,528.571228,193.745773,550.775208,158.275253,0,0,0,0,0,30.373791
23,1285.169922,469.542175,984.236938,473.652283,1,1,0,0,0,1.526487
24,1191.545654,649.492981,883.752197,652.779907,1,1,0,0,0,4.104691
25,1364.332520,215.766296,1361.889282,204.047974,1,0,0,0,0,8.110531
26,1740.946167,667.131165,1570.978027,663.643860,1,1,0,0,0,12.785415
27,898.555298,486.333099,1068.556274,493.351532,0,0,0,0,0,17.135833
28,1380.873413,498.792389,1096.435059,480.850433,0,0,0,0,0,24.164780
29,376.857056,772.647766,35.227222,385.141479,0,0,0,0,0,387.133262
30,1359.431519,640.366455,1095.528076,623.223938,0,0,0,0,0,24.670164
31,777.983215,411.849884,666.036072,463.009094,0,0,0,0,0,54.185882
32,1246.365601,639.524963,948.678650,642.875854,0,0,0,0,0,4.193658
33,1218.877563,456.957947,929.657104,453.045441,0,0,0,0,0,8.497541
34,181.576462,56.646263,1894.130493,612.028381,0,0,0,0,0,601.354104
35,1327.816284,462.608124,1034.023682,467.716156,1,1,0,0,1,0.559907
36,762.638672,427.649445,619.901672,762.694458,0,0,0,0,0,337.629530
37,1311.462402,456.066895,1012.431519,459.504700,0,0,0,0,0,2.127633
38,1385.701172,702.948364,1163.290405,672.755005,0,0,0,0,0,37.284446
39,1284.723267,616.896667,997.106689,618.991516,1,1,0,0,0,5.234044
40,1347.891113,455.883759,784.931580,634.423706,0,0,0,0,0,163.334611
41,1363.663330,376.578766,800.605835,641.440430,0,0,0,0,0,250.501686
