=== RT SIFT DIAGNOSTICS ===
This report describes the selected best frame pair only.
Coordinates are undistorted display pixels: frame_B/UI-left -> frame_A/UI-right.

[SELECTED_PAIR]
video=D:\Lightglue\lg_env\HBVCAM_4M2214HD-2-v11\video_20260729_111901.mp4
frame_left_B=1
frame_right_A=0
shared_markers=1
baseline_mm=58.966608
rt_sift_role=final_rt
rt_sift_applied=True
rt_reliable=True

[PIPELINE_COUNTS]
left_keypoint_count=663
right_keypoint_count=572
left_descriptor_count=663
right_descriptor_count=572
knn_pair_count=663
ratio_pass_count=63
mutual_pass_count=58
spatially_balanced_count=52
essential_ransac_inlier_count=24
recoverpose_inlier_count=24
final_rt_sift_point_count=19
final_rt_feature_inlier_count=24
final_rt_feature_outlier_count=28

[FEATURE_QUALITY]
match_count=52
essential_inlier_count=24
inlier_count=24
inlier_ratio=0.46153846153846156
grid_coverage=0.20833333333333334
hull_coverage=0.056638066488535796
parallax_deg=20.125427098448927
homography_ratio=0.38461538461538464
planar_degenerate=False
model_epi_px=0.4859957130004896
quality_penalty=0.04166666666666666
quality_ok=True
strong=False
marker_rt_feature_epi_px=0.6101342163634925
final_feature_epi_px=0.39233503838085043
final_feature_inlier_p90_px=0.9612494215609195
final_feature_all_p90_px=285.31266590570857
final_feature_holdout_median_px=0.25296919341639423
marker_bidir_rms_px=0.14760955495498312
marker_left_to_right_rms_px=0.15876095140411803
marker_right_to_left_rms_px=0.13554380006948175
marker_bidir_max_px=0.2150821188111936
marker_pnp_self_reproj_px=0.06402920186519623
joint_solution_role=joint_from_marker_w12
feature_rot_agreement_deg=0.7984687848727664
pair_score=0.5970157781603367
combined_score=0.2484093137410443
sharpness_min=81.01955149953544
marker_coverage=0.00042944926866362546

[ACTIVE_THRESHOLDS]
sift_max_keypoints=800
sift_contrast_threshold=0.01
match_ratio=0.75
ransac_threshold_px=0.75
min_matches=11
min_inlier_ratio=0.28
min_grid_coverage=0.16666666666666666
min_hull_coverage=0.02
min_parallax_deg=1.0
strong_inliers=40
strong_grid_coverage=0.25

final_feature_inlier_px=1.5
final_feature_p90_max_px=1.25
marker_bidir_rms_max_px=1.5
marker_bidir_point_max_px=2.0

[FINAL_RT_LEFT_TO_RIGHT]
R0=0.999777743485 -8.74837075785e-05 -0.0210821246288
R1=0.000135145769617 0.999997438496 0.00225936664067
R2=0.0210818729691 -0.00226171364167 0.999775194373
t_mm=-58.9658592357 0.296772690238 0.0156263990868

[GRID_COUNTS_6x4]
raw_keypoints_left
   119   96  259    0    0    0
     5   95   89    0    0    0
     0    0    0    0    0    0
     0    0    0    0    0    0
raw_keypoints_right
    36  240   54    0    0    0
    60  180    2    0    0    0
     0    0    0    0    0    0
     0    0    0    0    0    0
balanced_candidates_left
     0    2    2    0    1    3
     0    0    1    3   24    1
     0    0    3    3    9    0
     0    0    0    0    0    0
balanced_candidates_right
     0    0    2    1    2    0
     0    1    4   22    2    0
     1    2    3    9    0    0
     3    0    0    0    0    0
essential_inliers_left
     0    0    0    0    1    0
     0    0    0    2   13    0
     0    0    1    0    7    0
     0    0    0    0    0    0
essential_inliers_right
     0    0    0    1    0    0
     0    0    3   12    0    0
     0    1    0    7    0    0
     0    0    0    0    0    0
recoverpose_inliers_left
     0    0    0    0    1    0
     0    0    0    2   13    0
     0    0    1    0    7    0
     0    0    0    0    0    0
recoverpose_inliers_right
     0    0    0    1    0    0
     0    0    3   12    0    0
     0    1    0    7    0    0
     0    0    0    0    0    0
joint_optimization_left
     0    0    0    0    1    0
     0    0    0    2    9    0
     0    0    1    0    6    0
     0    0    0    0    0    0
joint_optimization_right
     0    0    0    1    0    0
     0    0    3    8    0    0
     0    1    0    6    0    0
     0    0    0    0    0    0
holdout_left
     0    0    0    0    0    0
     0    0    0    0    4    0
     0    0    0    0    1    0
     0    0    0    0    0    0
holdout_right
     0    0    0    0    0    0
     0    0    0    4    0    0
     0    0    0    1    0    0
     0    0    0    0    0    0
final_rt_inliers_left
     0    0    0    0    1    0
     0    0    0    2   13    0
     0    0    1    0    7    0
     0    0    0    0    0    0
final_rt_inliers_right
     0    0    0    1    0    0
     0    0    3   12    0    0
     0    1    0    7    0    0
     0    0    0    0    0    0

[MATCH_TABLE]
index,left_x,left_y,right_x,right_y,essential_inlier,recoverpose_inlier,optimization_used,holdout,final_rt_inlier,final_epipolar_px
1,1600.786133,88.566925,1359.535278,89.918419,0,0,0,0,0,5.696598
2,1563.932007,290.277313,778.177734,111.641998,0,0,0,0,0,186.870933
3,1590.819580,300.738586,462.173798,632.990784,0,0,0,0,0,325.188427
4,1614.694214,90.554855,1367.584717,91.609383,0,0,0,0,0,6.108017
5,657.217102,112.630295,46.170277,988.130676,0,0,0,0,0,868.645960
6,1198.007812,773.966125,822.347046,765.254517,0,0,0,0,0,12.226445
7,1382.155640,350.835266,1075.528564,354.520813,1,1,0,1,1,0.134530
8,1318.778687,401.863068,1004.390930,405.149109,1,1,1,0,1,0.232298
9,1479.724731,585.468567,1125.184204,587.511108,1,1,1,0,1,0.296359
10,1288.919067,431.980011,968.968933,434.742920,1,1,1,0,1,0.658675
11,1300.985596,388.398651,991.893982,390.640869,0,0,0,0,0,1.299760
12,1298.996582,536.251465,954.449158,536.005554,0,0,0,0,0,3.413367
13,1531.101318,451.550323,1202.019653,454.630157,1,1,1,0,1,0.128767
14,1390.873413,361.740601,1084.233154,364.558075,1,1,0,1,1,0.948975
15,1520.788452,547.885864,1174.473022,550.246399,1,1,1,0,1,0.092884
16,1146.251831,740.833130,755.583313,558.030457,0,0,0,0,0,186.700642
17,1408.626587,573.105713,1058.197876,576.622253,1,1,1,0,1,0.849243
18,1365.854126,566.143372,1015.785156,567.973083,0,0,0,0,0,1.030472
19,1198.125366,413.553894,892.450500,417.360016,1,1,1,0,1,0.404327
20,1398.352661,508.221344,1073.208618,511.057861,1,1,1,0,1,0.115952
21,1335.720337,564.895813,988.439392,568.102478,1,1,0,1,1,0.252969
22,1352.877930,566.190613,1004.314697,568.400269,1,1,1,0,1,0.687250
23,1062.107544,478.348785,976.999817,433.641968,0,0,0,0,0,47.062158
24,1498.517578,523.621643,1153.248657,525.271973,1,1,1,0,1,1.066773
25,1351.549194,334.140259,1032.857178,351.205780,0,0,0,0,0,13.178720
26,1530.227905,473.023865,1195.706665,476.981964,0,0,0,0,0,0.924655
27,1522.145508,493.000793,1184.556030,494.169922,0,0,0,0,0,1.723679
28,848.258728,566.377197,271.813629,994.490417,0,0,0,0,0,420.502859
29,754.763977,281.767761,1491.265381,387.088318,0,0,0,0,0,107.928146
30,1521.010010,419.570526,1197.311890,424.080994,0,0,0,0,0,1.033710
31,1784.731812,101.237076,1502.651245,402.468201,0,0,0,0,0,295.234484
32,1337.586426,369.644714,1028.895020,374.916046,0,0,0,0,0,1.615504
33,1399.077881,572.033081,1047.691650,574.542786,1,1,1,0,1,0.206239
34,848.258728,566.377197,271.813629,994.490417,0,0,0,0,0,420.502859
35,1284.094604,471.582764,954.211548,475.259308,1,1,1,0,1,0.341955
36,1323.226196,370.985260,1011.078552,379.505127,0,0,0,0,0,4.877773
37,1411.269775,504.135895,1085.261353,508.053711,1,1,0,1,1,0.966510
38,1508.197632,439.713684,1183.621948,443.720947,1,1,1,0,1,0.702552
39,1525.704102,435.161133,1201.568359,438.121216,1,1,1,0,1,0.380343
40,902.852966,693.015076,550.572021,699.181763,1,1,1,0,1,0.838407
41,749.994446,269.270569,615.861023,467.325745,0,0,0,0,0,196.016300
42,1508.197632,439.713684,1183.621948,443.720947,1,1,1,0,1,0.702552
43,1021.056213,724.005615,665.775879,729.086304,0,0,0,0,0,0.382483
44,423.646515,217.115631,161.873016,716.359375,0,0,0,0,0,495.251411
45,1402.962769,370.045044,1094.751953,374.867218,0,0,0,0,0,1.093761
46,1374.325562,484.949188,1039.918701,487.982727,1,1,0,1,1,0.140234
47,1603.122925,419.241211,1276.026611,406.158661,0,0,0,0,0,16.674161
48,1268.770508,459.835297,942.265442,463.703461,1,1,1,0,1,0.496561
49,548.532471,187.289597,806.724426,219.727310,0,0,0,0,0,34.907144
50,1446.489258,242.410812,1184.836304,248.236664,1,1,1,0,1,1.257250
51,1468.330566,549.940186,1119.684082,550.995422,0,0,0,0,0,1.560914
52,1468.020508,557.522888,1120.001221,560.415955,1,1,1,0,1,0.341262
