=== RT SIFT DIAGNOSTICS ===
This report describes the selected best frame pair only.
Coordinates are undistorted display pixels: frame_B/UI-left -> frame_A/UI-right.

[SELECTED_PAIR]
video=D:\Lightglue\lg_env\HBVCAM_4M2214HD-2-v11\video_20260729_110029.mp4
frame_left_B=1
frame_right_A=0
shared_markers=1
baseline_mm=77.567398
rt_sift_role=validation_only
rt_sift_applied=False
rt_reliable=False

[PIPELINE_COUNTS]
left_keypoint_count=788
right_keypoint_count=791
left_descriptor_count=788
right_descriptor_count=791
knn_pair_count=788
ratio_pass_count=78
mutual_pass_count=70
spatially_balanced_count=70
essential_ransac_inlier_count=38
recoverpose_inlier_count=38
final_rt_sift_point_count=0
final_rt_feature_inlier_count=1
final_rt_feature_outlier_count=69

[FEATURE_QUALITY]
match_count=70
essential_inlier_count=38
inlier_count=38
inlier_ratio=0.5428571428571428
grid_coverage=0.16666666666666666
hull_coverage=0.01935216546065661
parallax_deg=17.10339892724615
homography_ratio=0.32857142857142857
planar_degenerate=False
model_epi_px=0.35209694156986354
quality_penalty=0.16076271285587104
quality_ok=False
strong=False
marker_rt_feature_epi_px=3.977074547857433
final_feature_epi_px=1.4495867031416707
final_feature_inlier_p90_px=1.4495867031416707
final_feature_all_p90_px=54.64381869604537
final_feature_holdout_median_px=None
marker_bidir_rms_px=0.1423085802081088
marker_left_to_right_rms_px=0.051997882355628335
marker_right_to_left_rms_px=0.19442140888345016
marker_bidir_max_px=0.19765306010996775
marker_pnp_self_reproj_px=0.12318288534879684
joint_solution_role=marker_only
feature_rot_agreement_deg=4.30086832159418
pair_score=0.6765033437390386
combined_score=0.40605539437475
sharpness_min=96.7368106934931
marker_coverage=0.00029880013335104543

[ACTIVE_THRESHOLDS]
sift_max_keypoints=800
sift_contrast_threshold=0.01
match_ratio=0.75
ransac_threshold_px=0.75
min_matches=11
min_inlier_ratio=0.28
min_grid_coverage=0.16666666666666666
min_hull_coverage=0.02
min_parallax_deg=1.0
strong_inliers=40
strong_grid_coverage=0.25

final_feature_inlier_px=1.5
final_feature_p90_max_px=1.25
marker_bidir_rms_max_px=1.5
marker_bidir_point_max_px=2.0

[FINAL_RT_LEFT_TO_RIGHT]
R0=0.998870004115 0.00608757310679 0.0471344495452
R1=-0.00738767184259 0.999595661776 0.0274578816132
R2=-0.0469482394239 -0.0277750681657 0.998511095784
t_mm=-77.2232043124 -4.72004648321 5.56768922418

[GRID_COUNTS_6x4]
raw_keypoints_left
     0  176  318    0    0    0
     0   55  239    0    0    0
     0    0    0    0    0    0
     0    0    0    0    0    0
raw_keypoints_right
    15  313   85    0    0    0
    33  229  116    0    0    0
     0    0    0    0    0    0
     0    0    0    0    0    0
balanced_candidates_left
     0    0    1    2    2    1
     0    0    1    2   21   10
     0    0    0    6   11   13
     0    0    0    0    0    0
balanced_candidates_right
     0    0    4    1    2    0
     0    0    2   21    9    0
     0    0    4   14   12    0
     1    0    0    0    0    0
essential_inliers_left
     0    0    0    0    0    0
     0    0    0    0   16    6
     0    0    0    0    6   10
     0    0    0    0    0    0
essential_inliers_right
     0    0    0    0    0    0
     0    0    0   16    6    0
     0    0    0    8    8    0
     0    0    0    0    0    0
recoverpose_inliers_left
     0    0    0    0    0    0
     0    0    0    0   16    6
     0    0    0    0    6   10
     0    0    0    0    0    0
recoverpose_inliers_right
     0    0    0    0    0    0
     0    0    0   16    6    0
     0    0    0    8    8    0
     0    0    0    0    0    0
joint_optimization_left
     0    0    0    0    0    0
     0    0    0    0    0    0
     0    0    0    0    0    0
     0    0    0    0    0    0
joint_optimization_right
     0    0    0    0    0    0
     0    0    0    0    0    0
     0    0    0    0    0    0
     0    0    0    0    0    0
holdout_left
     0    0    0    0    0    0
     0    0    0    0    0    0
     0    0    0    0    0    0
     0    0    0    0    0    0
holdout_right
     0    0    0    0    0    0
     0    0    0    0    0    0
     0    0    0    0    0    0
     0    0    0    0    0    0
final_rt_inliers_left
     0    0    0    0    0    0
     0    0    0    0    1    0
     0    0    0    0    0    0
     0    0    0    0    0    0
final_rt_inliers_right
     0    0    0    0    0    0
     0    0    0    1    0    0
     0    0    0    0    0    0
     0    0    0    0    0    0

[MATCH_TABLE]
index,left_x,left_y,right_x,right_y,essential_inlier,recoverpose_inlier,optimization_used,holdout,final_rt_inlier,final_epipolar_px
1,1239.328247,583.011963,1386.612671,669.507019,0,0,0,0,0,52.519736
2,1478.440430,119.851212,1407.556641,124.232056,0,0,0,0,0,9.882083
3,1525.860107,122.088364,1587.845215,134.567093,0,0,0,0,0,5.430529
4,1748.007202,464.578308,1345.038330,705.148376,0,0,0,0,0,246.659315
5,1458.473145,398.108154,1173.016968,401.401794,1,1,0,0,1,1.449587
6,1132.187866,766.544922,795.211121,763.214478,0,0,0,0,0,2.891776
7,1158.529663,584.230530,863.568054,585.799133,0,0,0,0,0,2.031343
8,1682.676880,459.415192,1366.286621,457.354553,0,0,0,0,0,0.271799
9,941.832092,354.764862,737.594788,221.029205,0,0,0,0,0,147.509992
10,1492.796997,446.031372,1197.362427,448.652405,1,1,0,0,0,1.974857
11,1590.706055,472.094696,1281.934204,475.507477,1,1,0,0,0,4.185609
12,1827.231079,64.916100,734.491638,773.141968,0,0,0,0,0,752.760799
13,1498.827271,568.836182,1168.286987,571.654907,1,1,0,0,0,4.929054
14,1078.672485,122.712997,906.850830,94.683540,0,0,0,0,0,47.910594
15,992.370728,655.643982,75.146782,982.522766,0,0,0,0,0,391.557209
16,1458.677856,409.069244,1171.963135,412.281708,1,1,0,0,0,1.546272
17,1633.257568,459.723602,1325.760620,462.656860,1,1,0,0,0,3.857351
18,1478.498169,540.739136,1157.054199,543.326416,1,1,0,0,0,4.013889
19,1241.803955,522.494873,936.453308,527.623352,0,0,0,0,0,5.283076
20,1593.857910,502.804810,1274.965942,505.985657,1,1,0,0,0,4.608792
21,1580.825562,480.819885,1269.758423,484.349731,1,1,0,0,0,4.406930
22,1450.474487,483.282776,1153.181274,488.200043,0,0,0,0,0,4.415663
23,1463.184082,391.159058,1182.252930,394.902344,1,1,0,0,0,1.606662
24,1017.476807,637.422852,782.855713,120.253029,0,0,0,0,0,526.564303
25,1487.145508,418.921082,1192.120728,421.341370,1,1,0,0,0,1.534469
26,1228.024048,342.046021,991.980347,333.597717,0,0,0,0,0,16.087556
27,1545.312256,625.221436,1197.775391,624.221863,0,0,0,0,0,2.184283
28,1666.804077,517.796326,1343.406982,520.653687,1,1,0,0,0,4.756850
29,1514.957520,424.875275,1222.509277,429.133362,1,1,0,0,0,3.446269
30,1558.849854,559.270203,1227.990967,561.690674,1,1,0,0,0,4.530047
31,1596.158813,465.461304,1288.467407,470.518311,0,0,0,0,0,5.783827
32,1600.520996,526.016296,1276.440063,528.646057,1,1,0,0,0,4.381990
33,1445.158081,493.827606,1145.770752,496.216675,1,1,0,0,0,2.067565
34,1145.343628,564.144775,856.077026,564.305969,0,0,0,0,0,0.067350
35,1416.129761,432.874542,1131.316650,434.218536,0,0,0,0,0,0.497425
36,1717.735596,526.138062,1392.059937,524.932861,0,0,0,0,0,0.961486
37,1681.383179,527.666016,1353.878174,529.871704,1,1,0,0,0,4.365909
38,1506.669678,472.171844,1209.466675,472.683716,0,0,0,0,0,0.165239
39,1460.142944,455.291443,1166.358032,458.408966,1,1,0,0,0,2.256187
40,1574.351562,543.425720,1247.099243,543.409729,0,0,0,0,0,1.886434
41,1587.608521,605.020447,1243.900513,608.455872,0,0,0,0,0,6.277125
42,1614.233643,599.278992,1270.199463,602.027710,1,1,0,0,0,5.597748
43,1761.908203,614.170715,1082.771973,675.477661,0,0,0,0,0,89.021042
44,1430.070801,490.213562,1131.864746,494.113831,1,1,0,0,0,3.439001
45,1572.026978,564.140808,1242.340698,566.609863,1,1,0,0,0,4.480702
46,1460.142944,455.291443,1166.358032,458.408966,1,1,0,0,0,2.256187
47,1741.294312,546.767273,1407.383301,547.354065,0,0,0,0,0,3.169407
48,1457.027832,476.576752,1163.101807,478.518188,0,0,0,0,0,1.203355
49,1604.393921,617.459229,1254.861450,619.283997,1,1,0,0,0,4.997693
50,1641.695068,553.143799,1309.627563,555.113464,1,1,0,0,0,4.224021
51,1648.406128,487.149994,1332.614136,489.796631,1,1,0,0,0,4.112541
52,1628.188232,587.509338,1289.297852,588.757935,1,1,0,0,0,3.784762
53,943.005920,189.857315,740.969177,227.545227,0,0,0,0,0,20.585067
54,1444.049927,465.258087,1151.736450,468.043060,1,1,0,0,0,1.823014
55,1662.665894,598.885498,1318.611084,601.104187,1,1,0,0,0,4.999502
56,1676.114136,542.338928,1344.946411,544.125549,1,1,0,0,0,4.091165
57,1571.650879,581.455444,1233.254395,585.809265,0,0,0,0,0,6.930294
58,1505.757324,559.695129,1173.107422,561.237061,1,1,0,0,0,3.796122
59,1399.361450,513.902527,1085.597778,516.328918,1,1,0,0,0,3.121512
60,1620.330566,435.632141,1324.260986,438.945251,1,1,0,0,0,3.468283
61,1513.740234,531.905579,1193.780151,534.007812,1,1,0,0,0,3.434906
62,1742.348877,492.526367,913.739563,530.151062,0,0,0,0,0,73.760562
63,1592.456909,646.600159,1236.490356,650.234924,0,0,0,0,0,7.135225
64,1635.638672,601.909607,1289.952026,602.985107,1,1,0,0,0,4.001948
65,1192.297485,257.702332,1025.299683,233.361176,0,0,0,0,0,38.056788
66,1554.278198,543.116577,1227.904907,545.048218,1,1,0,0,0,3.749458
67,1675.432739,594.760559,1331.689331,596.170776,1,1,0,0,0,4.195053
68,1645.281372,609.255493,1299.907471,611.019287,1,1,0,0,0,4.587040
69,1636.471191,571.737915,1297.946899,577.196899,0,0,0,0,0,8.039697
70,1674.058472,636.115173,1323.993652,638.569641,1,1,0,0,0,5.291321
