=== RT SIFT DIAGNOSTICS ===
This report describes the selected best frame pair only.
Coordinates are undistorted display pixels: frame_B/UI-left -> frame_A/UI-right.

[SELECTED_PAIR]
video=D:\Lightglue\lg_env\HBVCAM_4M2214HD-2-v11\video_20260728_145142.mp4
frame_left_B=1
frame_right_A=0
shared_markers=1
baseline_mm=58.174170
rt_sift_role=final_rt
rt_sift_applied=True
rt_reliable=True

[PIPELINE_COUNTS]
left_keypoint_count=757
right_keypoint_count=783
left_descriptor_count=757
right_descriptor_count=783
knn_pair_count=757
ratio_pass_count=100
mutual_pass_count=90
spatially_balanced_count=80
essential_ransac_inlier_count=42
recoverpose_inlier_count=41
final_rt_sift_point_count=32
final_rt_feature_inlier_count=41
final_rt_feature_outlier_count=39

[FEATURE_QUALITY]
match_count=80
essential_inlier_count=42
inlier_count=41
inlier_ratio=0.5125
grid_coverage=0.25
hull_coverage=0.07105192300937783
parallax_deg=15.300877678426671
homography_ratio=0.35
planar_degenerate=False
model_epi_px=0.45776453409782436
quality_penalty=0.0
quality_ok=True
strong=True
marker_rt_feature_epi_px=1.0935421267043979
final_feature_epi_px=0.324180034144408
final_feature_inlier_p90_px=1.0593022130438183
final_feature_all_p90_px=16.75922302828675
final_feature_holdout_median_px=0.15652436222649568
marker_bidir_rms_px=0.16931461046099525
marker_left_to_right_rms_px=0.15441780783879758
marker_right_to_left_rms_px=0.18300277389530825
marker_bidir_max_px=0.2517961030090852
marker_pnp_self_reproj_px=0.08078926801681519
joint_solution_role=joint_from_marker_w4
feature_rot_agreement_deg=0.8118477097873931
pair_score=0.5543393265442373
combined_score=0.22416271987612169
sharpness_min=99.26180892745698
marker_coverage=0.0006369645395516497

[ACTIVE_THRESHOLDS]
sift_max_keypoints=800
sift_contrast_threshold=0.01
match_ratio=0.75
ransac_threshold_px=0.75
min_matches=11
min_inlier_ratio=0.28
min_grid_coverage=0.16666666666666666
min_hull_coverage=0.02
min_parallax_deg=1.0
strong_inliers=40
strong_grid_coverage=0.25

final_feature_inlier_px=1.5
final_feature_p90_max_px=1.25
marker_bidir_rms_max_px=1.5
marker_bidir_point_max_px=2.0

[FINAL_RT_LEFT_TO_RIGHT]
R0=0.999602293862 -0.00279272935598 -0.0280616244708
R1=0.00252708099774 0.999951703416 -0.00949761532346
R2=0.0280867934593 0.00942292406559 0.99956107394
t_mm=-58.0998014379 2.5619062003 1.44351537895

[GRID_COUNTS_6x4]
raw_keypoints_left
    51  233  259    0    0    0
    29   64  121    0    0    0
     0    0    0    0    0    0
     0    0    0    0    0    0
raw_keypoints_right
    33  435  125    0    0    0
    25  149   16    0    0    0
     0    0    0    0    0    0
     0    0    0    0    0    0
balanced_candidates_left
     0    1    1    7    7   16
     0    0    1   24   17    0
     0    0    0    3    1    1
     0    1    0    0    0    0
balanced_candidates_right
     0    0    5   11   15    1
     0    0   17   24    0    1
     0    0    2    0    3    0
     0    1    0    0    0    0
essential_inliers_left
     0    1    0    4    4    7
     0    0    0   13   11    0
     0    0    0    2    0    0
     0    0    0    0    0    0
essential_inliers_right
     0    0    3    5    8    0
     0    0    7   17    0    0
     0    0    2    0    0    0
     0    0    0    0    0    0
recoverpose_inliers_left
     0    0    0    4    4    7
     0    0    0   13   11    0
     0    0    0    2    0    0
     0    0    0    0    0    0
recoverpose_inliers_right
     0    0    3    5    7    0
     0    0    7   17    0    0
     0    0    2    0    0    0
     0    0    0    0    0    0
joint_optimization_left
     0    0    0    2    4    5
     0    0    0   11    9    0
     0    0    0    1    0    0
     0    0    0    0    0    0
joint_optimization_right
     0    0    1    5    5    0
     0    0    5   15    0    0
     0    0    1    0    0    0
     0    0    0    0    0    0
holdout_left
     0    0    0    2    0    2
     0    0    0    2    2    0
     0    0    0    1    0    0
     0    0    0    0    0    0
holdout_right
     0    0    2    0    2    0
     0    0    2    2    0    0
     0    0    1    0    0    0
     0    0    0    0    0    0
final_rt_inliers_left
     0    0    0    4    4    7
     0    0    0   13   11    0
     0    0    0    2    0    0
     0    0    0    0    0    0
final_rt_inliers_right
     0    0    3    5    7    0
     0    0    7   17    0    0
     0    0    2    0    0    0
     0    0    0    0    0    0

[MATCH_TABLE]
index,left_x,left_y,right_x,right_y,essential_inlier,recoverpose_inlier,optimization_used,holdout,final_rt_inlier,final_epipolar_px
1,1707.661377,80.231880,1498.830688,84.592018,0,0,0,0,0,3.084348
2,1675.782471,130.702011,1463.859375,137.200562,1,1,0,1,1,0.059633
3,361.974304,143.653885,1427.855713,83.227859,1,0,0,0,0,16.443736
4,1204.854736,204.687378,951.055542,207.850784,1,1,1,0,1,0.186617
5,1691.615601,126.891457,1481.208496,133.411560,1,1,1,0,1,0.059438
6,1744.830078,113.540398,1537.716064,121.933075,1,1,1,0,1,1.233932
7,1530.023804,137.157166,1279.904419,135.371170,0,0,0,0,0,8.682353
8,1590.268677,581.369873,1553.855347,556.614563,0,0,0,0,0,15.476513
9,467.190155,814.135681,424.268433,830.939392,0,0,0,0,0,19.598606
10,1749.687500,123.435593,1541.624634,131.884949,0,0,0,0,0,1.373077
11,1234.969482,417.669891,946.496094,422.818115,0,0,0,0,0,1.565663
12,1341.061035,350.121124,1073.694336,353.686523,1,1,1,0,1,0.165219
13,749.459534,157.150330,1865.133301,373.257477,0,0,0,0,0,281.979494
14,1327.397217,372.282379,1056.418091,372.509125,0,0,0,0,0,3.368541
15,1231.185791,395.062653,946.627441,400.682495,0,0,0,0,0,1.990432
16,1752.111816,98.715134,1544.443481,107.050018,1,1,0,1,1,0.806504
17,1734.965942,73.302628,1524.797974,81.063744,1,1,1,0,1,0.155835
18,1423.611084,457.354980,1150.952393,453.984375,0,0,0,0,0,6.020616
19,1228.696655,352.859955,951.820068,354.601105,0,0,0,0,0,1.936726
20,1150.706665,204.705643,889.266663,207.942505,0,0,0,0,0,0.005134
21,1241.713745,438.423492,952.250793,442.312897,1,1,1,0,1,0.472660
22,1217.451294,375.131470,934.291870,376.444672,0,0,0,0,0,2.411927
23,1348.874634,256.525360,1096.095825,257.542053,0,0,0,0,0,3.093536
24,1089.913330,201.366486,829.456116,207.319702,0,0,0,0,0,3.338089
25,1352.681641,355.200104,1084.652344,358.331573,1,1,1,0,1,0.615416
26,1693.010010,166.700195,1619.390991,207.619659,0,0,0,0,0,42.088860
27,1287.719604,366.569458,1016.916077,370.217621,1,1,1,0,1,0.151737
28,1806.030273,72.100281,1598.481201,85.436913,0,0,0,0,0,4.779149
29,1415.566772,493.325195,1134.615601,495.014496,1,1,0,1,1,0.650704
30,1229.323242,234.931793,963.811218,236.358597,0,0,0,0,0,2.566324
31,1290.336426,300.623840,1024.684448,304.444366,1,1,1,0,1,0.103996
32,1366.630493,397.270142,1092.706909,400.629089,1,1,1,0,1,0.142091
33,1264.741455,411.605927,985.533569,414.260406,1,1,1,0,1,0.663143
34,1205.759399,368.961761,921.674316,371.021851,0,0,0,0,0,1.714493
35,1287.719604,366.569458,1016.916077,370.217621,1,1,1,0,1,0.151737
36,1665.887451,614.916321,1591.592651,599.406677,0,0,0,0,0,6.637437
37,1209.200439,385.468689,922.323669,390.181091,0,0,0,0,0,0.952592
38,1336.273560,338.658997,1068.850708,342.349213,1,1,0,1,1,0.156524
39,1365.521606,387.494568,1091.262573,387.927490,0,0,0,0,0,3.232035
40,1251.401245,298.934814,982.653503,301.879730,1,1,1,0,1,0.915306
41,1262.111572,503.640533,964.505432,506.178986,1,1,1,0,1,0.430797
42,1667.197632,85.840996,1459.605225,91.345551,0,0,0,0,0,1.323660
43,1318.638794,342.455536,1050.718018,345.740387,1,1,1,0,1,0.466811
44,1365.788696,258.681702,1116.794434,262.899109,1,1,1,0,1,0.205769
45,1354.583130,397.743286,1081.360962,402.332611,0,0,0,0,0,1.162651
46,702.209106,340.520142,1224.474121,208.830750,0,0,0,0,0,93.557646
47,1247.888550,458.390839,959.347351,463.330902,0,0,0,0,0,1.792259
48,1793.265869,67.114670,1585.348022,80.998192,0,0,0,0,0,5.359832
49,1217.542603,410.662048,926.558289,414.273712,1,1,0,1,1,0.119934
50,1264.741455,411.605927,985.533569,414.260406,1,1,1,0,1,0.663143
51,1328.049927,270.621979,1071.843872,274.992767,1,1,1,0,1,0.384307
52,1688.716309,90.585739,1482.490601,97.390953,1,1,1,0,1,0.110806
53,1267.786743,450.274658,982.140564,453.746155,1,1,1,0,1,0.324180
54,1219.269653,312.821869,943.745667,316.737274,1,1,0,1,1,0.031056
55,1365.719238,412.524231,1090.731445,416.385529,1,1,1,0,1,0.533106
56,1384.103027,413.402130,1112.660156,414.971497,0,0,0,0,0,1.640221
57,1328.683228,366.948181,1059.313843,371.935455,0,0,0,0,0,1.419816
58,1259.314087,567.155334,954.774048,570.894409,1,1,1,0,1,1.398021
59,1251.022095,370.264038,973.671814,370.839661,0,0,0,0,0,3.057341
60,1226.895630,301.352692,953.564758,305.327240,1,1,1,0,1,0.064552
61,1260.700928,353.486542,991.260315,356.235901,1,1,1,0,1,0.714709
62,1188.202271,651.794128,1096.095825,257.542053,0,0,0,0,0,388.136931
63,1841.170532,52.788780,1229.848389,196.043259,0,0,0,0,0,114.176673
64,1231.834961,380.668335,951.579285,379.879944,0,0,0,0,0,4.389890
65,1425.719482,194.103424,1416.330322,618.668823,0,0,0,0,0,432.817684
66,1204.150024,250.004044,938.701477,253.776291,1,1,0,1,1,0.067313
67,1736.088623,100.890526,1528.305664,109.173950,1,1,1,0,1,0.955695
68,1791.492310,75.729797,1584.618530,89.098640,0,0,0,0,0,5.076280
69,1285.111450,247.051941,1029.390625,250.862900,1,1,1,0,1,0.053015
70,1213.979004,306.749207,941.139038,309.366516,1,1,1,0,1,1.158068
71,1240.945801,487.953644,942.614746,491.318665,1,1,1,0,1,0.157643
72,1238.638916,507.588257,937.611694,508.802216,0,0,0,0,0,1.868397
73,1230.034058,317.289520,957.666260,321.474304,0,0,0,0,0,0.423840
74,1218.674561,247.656357,956.296448,250.278610,1,1,0,1,1,1.059302
75,1375.713379,243.263611,1130.873291,246.546844,1,1,1,0,1,0.757751
76,1354.184570,225.392410,1107.717529,228.104752,1,1,1,0,1,1.416607
77,1811.147095,116.235352,1459.605225,91.345551,0,0,0,0,0,40.476667
78,1238.346558,259.978210,973.192749,263.546021,1,1,1,0,1,0.317925
79,1167.495239,466.169983,870.489685,469.624146,1,1,1,0,1,0.086147
80,1177.479492,565.353027,866.632019,568.907288,1,1,0,1,1,0.727044
