=== RT SIFT DIAGNOSTICS ===
This report describes the selected best frame pair only.
Coordinates are undistorted display pixels: frame_B/UI-left -> frame_A/UI-right.

[SELECTED_PAIR]
video=D:\Lightglue\lg_env\HBVCAM_4M2214HD-2-v11\video_20260728_143043.mp4
frame_left_B=1
frame_right_A=0
shared_markers=1
baseline_mm=58.658406
rt_sift_role=final_rt
rt_sift_applied=True
rt_reliable=True

[PIPELINE_COUNTS]
left_keypoint_count=783
right_keypoint_count=782
left_descriptor_count=783
right_descriptor_count=782
knn_pair_count=783
ratio_pass_count=54
mutual_pass_count=52
spatially_balanced_count=52
essential_ransac_inlier_count=24
recoverpose_inlier_count=24
final_rt_sift_point_count=19
final_rt_feature_inlier_count=22
final_rt_feature_outlier_count=30

[FEATURE_QUALITY]
match_count=52
essential_inlier_count=24
inlier_count=24
inlier_ratio=0.46153846153846156
grid_coverage=0.16666666666666666
hull_coverage=0.04324366139686884
parallax_deg=20.882974402465383
homography_ratio=0.3076923076923077
planar_degenerate=False
model_epi_px=0.22271900336677003
quality_penalty=0.08333333333333334
quality_ok=True
strong=False
marker_rt_feature_epi_px=1.4840957304893474
final_feature_epi_px=0.3145900873017091
final_feature_inlier_p90_px=0.7555752354248565
final_feature_all_p90_px=263.42050097482166
final_feature_holdout_median_px=0.36901485384460797
marker_bidir_rms_px=0.12749003425411207
marker_left_to_right_rms_px=0.13729894504296555
marker_right_to_left_rms_px=0.11686067498657561
marker_bidir_max_px=0.18648345489266557
marker_pnp_self_reproj_px=0.07366527616977692
joint_solution_role=joint_from_marker_w12
feature_rot_agreement_deg=2.431850015697988
pair_score=0.5194014167351014
combined_score=0.2369563190403976
sharpness_min=114.18162384739627
marker_coverage=0.0006270388850356944

[ACTIVE_THRESHOLDS]
sift_max_keypoints=800
sift_contrast_threshold=0.01
match_ratio=0.75
ransac_threshold_px=0.75
min_matches=11
min_inlier_ratio=0.28
min_grid_coverage=0.16666666666666666
min_hull_coverage=0.02
min_parallax_deg=1.0
strong_inliers=40
strong_grid_coverage=0.25

final_feature_inlier_px=1.5
final_feature_p90_max_px=1.25
marker_bidir_rms_max_px=1.5
marker_bidir_point_max_px=2.0

[FINAL_RT_LEFT_TO_RIGHT]
R0=0.999745808627 0.00312995340306 -0.0223275955665
R1=-0.00301025197234 0.999980928188 0.00539273996426
R2=0.0223440487635 -0.00532415748769 0.999736163611
t_mm=-58.6575565013 -0.177904049068 -0.260899065955

[GRID_COUNTS_6x4]
raw_keypoints_left
    65   45  509    0    0    0
    59    6   99    0    0    0
     0    0    0    0    0    0
     0    0    0    0    0    0
raw_keypoints_right
    44  379  182    0    0    0
    17  121   39    0    0    0
     0    0    0    0    0    0
     0    0    0    0    0    0
balanced_candidates_left
     0    0    5    1   14    6
     0    0    2    1   12    3
     3    1    0    0    2    2
     0    0    0    0    0    0
balanced_candidates_right
     0    3    2   15    7    0
     0    4    0   14    1    0
     0    0    1    4    0    0
     1    0    0    0    0    0
essential_inliers_left
     0    0    0    0   12    4
     0    0    0    0    6    1
     0    0    0    0    0    1
     0    0    0    0    0    0
essential_inliers_right
     0    0    0   12    4    0
     0    0    0    7    0    0
     0    0    0    1    0    0
     0    0    0    0    0    0
recoverpose_inliers_left
     0    0    0    0   12    4
     0    0    0    0    6    1
     0    0    0    0    0    1
     0    0    0    0    0    0
recoverpose_inliers_right
     0    0    0   12    4    0
     0    0    0    7    0    0
     0    0    0    1    0    0
     0    0    0    0    0    0
joint_optimization_left
     0    0    0    0   10    4
     0    0    0    0    5    0
     0    0    0    0    0    0
     0    0    0    0    0    0
joint_optimization_right
     0    0    0   10    4    0
     0    0    0    5    0    0
     0    0    0    0    0    0
     0    0    0    0    0    0
holdout_left
     0    0    0    0    2    0
     0    0    0    0    1    1
     0    0    0    0    0    1
     0    0    0    0    0    0
holdout_right
     0    0    0    2    0    0
     0    0    0    2    0    0
     0    0    0    1    0    0
     0    0    0    0    0    0
final_rt_inliers_left
     0    0    0    0   12    4
     0    0    0    0    5    1
     0    0    0    0    0    0
     0    0    0    0    0    0
final_rt_inliers_right
     0    0    0   12    4    0
     0    0    0    6    0    0
     0    0    0    0    0    0
     0    0    0    0    0    0

[MATCH_TABLE]
index,left_x,left_y,right_x,right_y,essential_inlier,recoverpose_inlier,optimization_used,holdout,final_rt_inlier,final_epipolar_px
1,1643.268311,727.821289,1020.868347,722.838379,1,1,0,1,0,3.877858
2,763.980286,142.715530,525.177734,142.879776,0,0,0,0,0,2.517946
3,1704.208740,730.989258,1199.926392,730.276428,0,0,0,0,0,0.917335
4,134.795776,704.941040,31.449749,989.364685,0,0,0,0,0,264.417977
5,1462.663696,183.784103,1157.996216,188.667816,1,1,1,0,1,0.154738
6,594.155212,580.327026,1206.558594,164.339050,0,0,0,0,0,424.003244
7,124.795151,788.818726,903.670776,642.783630,0,0,0,0,0,163.374695
8,1436.002075,173.971100,1137.799438,178.881424,1,1,1,0,1,0.142485
9,1027.271118,449.854065,660.960571,93.946991,0,0,0,0,0,359.521116
10,1693.425903,186.425003,1374.071289,191.592163,1,1,1,0,1,0.130159
11,1563.438965,471.933777,1149.800537,473.233154,1,1,1,0,1,0.426335
12,1299.925903,192.671539,1009.766968,199.131546,0,0,0,0,0,2.194385
13,213.722626,752.722961,627.921021,264.055267,0,0,0,0,0,499.937995
14,1218.448364,196.822815,966.707520,164.050217,0,0,0,0,0,37.042054
15,1282.791748,706.391785,1451.405762,155.640656,0,0,0,0,0,555.943137
16,680.916687,439.864624,675.156128,89.142677,0,0,0,0,0,355.387391
17,1524.394287,357.375793,1161.218506,360.397369,1,1,0,1,1,0.064505
18,1432.272705,272.579254,1090.972900,275.962738,1,1,1,0,1,0.384275
19,1571.733887,539.867981,1137.140259,544.043945,0,0,0,0,0,3.087315
20,1529.682007,249.673309,1196.692993,252.837097,1,1,1,0,1,0.937026
21,1570.844604,176.116455,1262.602417,181.497467,1,1,1,0,1,0.260165
22,1597.451904,251.660065,1255.296875,256.345428,1,1,1,0,1,0.567377
23,881.410522,112.379616,482.426086,335.966095,0,0,0,0,0,220.614105
24,1531.580200,179.454483,1224.129639,184.642822,1,1,0,1,1,0.223071
25,1676.551636,448.705078,1257.865234,454.879578,0,0,0,0,0,4.721149
26,881.410522,112.379616,482.426086,335.966095,0,0,0,0,0,220.614105
27,1550.591675,563.994324,1112.693970,565.973389,0,0,0,0,0,0.923995
28,1568.077148,501.833832,1144.272827,504.604889,0,0,0,0,0,1.339535
29,1501.773193,373.315216,1132.963501,374.395935,0,0,0,0,0,1.769347
30,1537.654907,184.892090,1228.816162,189.268784,1,1,1,0,1,0.542835
31,906.157043,113.448990,480.846069,301.451294,0,0,0,0,0,185.201918
32,1521.503418,453.590729,1118.154541,457.539307,0,0,0,0,0,1.888920
33,1711.332886,206.812302,1383.749634,211.791718,1,1,1,0,1,0.016270
34,770.942932,104.914986,525.655212,53.589581,0,0,0,0,0,53.583912
35,1565.465698,377.951111,1196.729004,382.053986,0,0,0,0,0,1.429337
36,1637.216309,214.708038,1308.610596,220.171417,1,1,1,0,1,0.756670
37,1434.555054,305.586609,1083.971802,307.371582,1,1,1,0,0,1.709713
38,1607.911621,286.918457,1256.156128,291.677307,1,1,0,1,1,1.091085
39,1589.169556,235.255341,1252.777344,239.591202,1,1,1,0,1,0.006892
40,1597.872681,262.492523,1255.539429,267.225677,1,1,1,0,1,0.745725
41,1656.061401,323.263519,1282.520264,324.157806,0,0,0,0,0,2.270139
42,1632.353149,195.672531,1312.384644,200.847458,1,1,1,0,1,0.182332
43,1561.853149,286.063354,1221.453613,289.881531,1,1,1,0,1,0.108585
44,1650.285645,208.060516,1320.574829,210.946426,0,0,0,0,0,1.955163
45,1557.013794,178.062469,1248.640503,182.751465,1,1,0,1,1,0.369015
46,1535.717163,449.846954,1134.064331,455.482483,0,0,0,0,0,3.604352
47,1513.811768,209.644913,1037.208252,466.951599,0,0,0,0,0,254.443218
48,1537.333252,225.625031,1204.655518,229.810547,1,1,1,0,1,0.179632
49,1500.829102,310.634674,1154.041992,314.542358,1,1,1,0,1,0.463914
50,683.030945,370.859375,480.846069,301.451294,0,0,0,0,0,73.943580
51,1376.848877,252.006699,1054.984009,255.510147,1,1,1,0,1,0.432881
52,1619.873657,197.963608,1296.938232,204.577896,0,0,0,0,0,1.707011
