=== RT SIFT DIAGNOSTICS ===
This report describes the selected best frame pair only.
Coordinates are undistorted display pixels: frame_B/UI-left -> frame_A/UI-right.

[SELECTED_PAIR]
video=D:\Lightglue\lg_env\HBVCAM_4M2214HD-2-v11\video_20260729_111623.mp4
frame_left_B=1
frame_right_A=0
shared_markers=1
baseline_mm=60.922235
rt_sift_role=final_rt
rt_sift_applied=True
rt_reliable=True

[PIPELINE_COUNTS]
left_keypoint_count=538
right_keypoint_count=471
left_descriptor_count=538
right_descriptor_count=471
knn_pair_count=538
ratio_pass_count=56
mutual_pass_count=49
spatially_balanced_count=49
essential_ransac_inlier_count=23
recoverpose_inlier_count=21
final_rt_sift_point_count=16
final_rt_feature_inlier_count=21
final_rt_feature_outlier_count=28

[FEATURE_QUALITY]
match_count=49
essential_inlier_count=23
inlier_count=21
inlier_ratio=0.42857142857142855
grid_coverage=0.16666666666666666
hull_coverage=0.04640033606244119
parallax_deg=19.19676946872506
homography_ratio=0.3673469387755102
planar_degenerate=False
model_epi_px=0.2321832295234938
quality_penalty=0.08333333333333334
quality_ok=True
strong=False
marker_rt_feature_epi_px=0.8109316442700766
final_feature_epi_px=0.6756855456117721
final_feature_inlier_p90_px=1.1743878004168535
final_feature_all_p90_px=207.64364705349428
final_feature_holdout_median_px=1.0618443479655433
marker_bidir_rms_px=0.2263690655368113
marker_left_to_right_rms_px=0.2520094920934284
marker_right_to_left_rms_px=0.1974262484038802
marker_bidir_max_px=0.3453901853484265
marker_pnp_self_reproj_px=0.15217506885528564
joint_solution_role=joint_from_marker_w4
feature_rot_agreement_deg=1.3809613487785593
pair_score=0.7008215441418431
combined_score=0.2423305900487121
sharpness_min=75.529580427725
marker_coverage=0.0005965189136865471

[ACTIVE_THRESHOLDS]
sift_max_keypoints=800
sift_contrast_threshold=0.01
match_ratio=0.75
ransac_threshold_px=0.75
min_matches=11
min_inlier_ratio=0.28
min_grid_coverage=0.16666666666666666
min_hull_coverage=0.02
min_parallax_deg=1.0
strong_inliers=40
strong_grid_coverage=0.25

final_feature_inlier_px=1.5
final_feature_p90_max_px=1.25
marker_bidir_rms_max_px=1.5
marker_bidir_point_max_px=2.0

[FINAL_RT_LEFT_TO_RIGHT]
R0=0.999937883816 -0.000175960382782 -0.0111443953689
R1=0.000212076286824 0.999994729914 0.00323962465472
R2=0.0111437665914 -0.00324178688359 0.999932651374
t_mm=-60.9220643512 0.114077792736 -0.0882252269291

[GRID_COUNTS_6x4]
raw_keypoints_left
    23  167  218    0    0    0
    30   46   54    0    0    0
     0    0    0    0    0    0
     0    0    0    0    0    0
raw_keypoints_right
    28  292   32    0    0    0
    20   85   14    0    0    0
     0    0    0    0    0    0
     0    0    0    0    0    0
balanced_candidates_left
     1    1    0    1    9    2
     0    0    0   12   14    0
     0    0    1    1    4    2
     1    0    0    0    0    0
balanced_candidates_right
     0    1    1    6    1    0
     0    0   10   17    0    2
     0    1    1    5    4    0
     0    0    0    0    0    0
essential_inliers_left
     0    1    0    0    4    0
     0    0    0    7    9    0
     0    0    1    0    1    0
     0    0    0    0    0    0
essential_inliers_right
     0    1    0    3    0    0
     0    0    8    9    0    0
     0    1    0    0    1    0
     0    0    0    0    0    0
recoverpose_inliers_left
     0    0    0    0    4    0
     0    0    0    7    9    0
     0    0    1    0    0    0
     0    0    0    0    0    0
recoverpose_inliers_right
     0    0    0    3    0    0
     0    0    8    9    0    0
     0    1    0    0    0    0
     0    0    0    0    0    0
joint_optimization_left
     0    0    0    0    3    0
     0    0    0    5    7    0
     0    0    1    0    0    0
     0    0    0    0    0    0
joint_optimization_right
     0    0    0    2    0    0
     0    0    6    7    0    0
     0    1    0    0    0    0
     0    0    0    0    0    0
holdout_left
     0    0    0    0    1    0
     0    0    0    2    2    0
     0    0    0    0    0    0
     0    0    0    0    0    0
holdout_right
     0    0    0    1    0    0
     0    0    2    2    0    0
     0    0    0    0    0    0
     0    0    0    0    0    0
final_rt_inliers_left
     0    0    0    0    4    0
     0    0    0    7    9    0
     0    0    1    0    0    0
     0    0    0    0    0    0
final_rt_inliers_right
     0    0    0    3    0    0
     0    0    8    9    0    0
     0    1    0    0    0    0
     0    0    0    0    0    0

[MATCH_TABLE]
index,left_x,left_y,right_x,right_y,essential_inlier,recoverpose_inlier,optimization_used,holdout,final_rt_inlier,final_epipolar_px
1,1723.807495,739.087097,1332.683350,737.920288,0,0,0,0,0,2.976853
2,1464.119629,153.814819,1192.024170,157.246933,1,1,0,1,1,1.174388
3,1482.978394,160.052399,1204.175049,159.211746,0,0,0,0,0,5.498443
4,1287.197266,249.852615,983.162903,253.197632,1,1,1,0,1,0.390321
5,1705.426636,738.082031,1317.069824,738.347168,0,0,0,0,0,1.610852
6,1298.505493,454.244812,945.190674,456.996033,1,1,1,0,1,0.675686
7,178.814102,145.315765,1237.306641,640.944092,0,0,0,0,0,495.031352
8,946.737488,751.208984,616.869080,756.828369,1,1,1,0,1,0.859370
9,1464.142944,348.298889,1139.282349,352.978302,0,0,0,0,0,0.956768
10,1394.183472,276.735260,1083.378540,280.531799,1,1,1,0,1,0.087848
11,1222.785034,317.171967,904.792297,321.938660,1,1,0,1,1,1.268289
12,1515.543213,727.940308,1190.619629,730.827454,0,0,0,0,0,0.408934
13,1352.749634,746.184631,1478.206665,734.227417,1,0,0,0,0,13.974027
14,1455.637817,349.995392,1131.423584,356.030548,0,0,0,0,0,2.332109
15,1447.336792,320.085022,1124.818359,323.172424,1,1,1,0,1,0.732342
16,1419.857910,455.273041,1068.629150,457.423218,1,1,1,0,1,1.235499
17,1382.101440,267.998627,1071.639038,271.799377,1,1,1,0,1,0.092203
18,1217.177490,303.632446,901.211792,306.393219,0,0,0,0,0,0.745864
19,1431.119141,244.851685,1134.807251,254.852356,0,0,0,0,0,5.939448
20,1243.484619,640.935181,980.854370,649.471497,0,0,0,0,0,5.267776
21,1214.309937,365.240417,884.034180,368.849365,1,1,1,0,1,0.152663
22,1597.543335,682.796570,1219.909546,682.560974,0,0,0,0,0,2.676763
23,1372.098022,263.312286,1056.436768,263.878540,0,0,0,0,0,3.337563
24,1429.673828,439.036194,1080.070923,441.402039,1,1,0,1,1,1.061844
25,1399.670898,263.415344,1090.330078,271.437897,0,0,0,0,0,4.085266
26,1820.430054,71.247475,1634.443481,284.423431,0,0,0,0,0,207.643647
27,1820.430054,71.247475,1634.443481,284.423431,0,0,0,0,0,207.643647
28,1442.159424,658.954773,1086.793945,659.663757,0,0,0,0,0,2.208328
29,1231.429810,365.196777,899.619751,368.460663,0,0,0,0,0,0.209737
30,1169.596436,474.999817,1130.356079,437.165527,0,0,0,0,0,40.697388
31,1276.127319,412.154816,932.191162,416.112640,1,1,1,0,1,0.494977
32,1398.725708,293.451050,1083.396484,297.231110,1,1,1,0,1,0.056219
33,302.835693,989.933777,1563.176758,752.374573,0,0,0,0,0,242.534938
34,1275.279663,427.092224,928.925293,431.287903,1,1,1,0,1,0.747067
35,1180.612183,371.494446,851.026917,375.438843,1,1,1,0,1,0.520509
36,1275.279663,427.092224,928.925293,431.287903,1,1,0,1,1,0.747067
37,1296.929565,348.655212,977.312256,353.250549,1,1,1,0,1,1.056248
38,1320.914917,238.623764,1022.274231,242.355652,1,1,1,0,1,0.107754
39,1028.815186,290.334534,1400.412964,215.084610,0,0,0,0,0,77.325988
40,1348.012573,320.338440,1027.147949,324.909088,1,1,1,0,1,0.896248
41,1462.461182,326.155182,1139.949707,330.560333,0,0,0,0,0,0.593568
42,1265.680542,422.010925,919.506836,426.095764,1,1,1,0,1,0.631540
43,1325.535400,289.653687,1008.031921,295.418488,0,0,0,0,0,2.044286
44,1320.914917,238.623764,1015.934875,466.457062,0,0,0,0,0,224.251764
45,1136.871582,167.294342,873.428345,177.818680,0,0,0,0,0,7.106951
46,1433.992554,325.939026,1111.205078,329.245148,1,1,0,1,1,0.471478
47,1202.872681,311.789215,798.009338,645.678162,0,0,0,0,0,330.230992
48,437.665314,131.143127,514.988037,123.282104,1,0,0,0,0,8.147325
49,1308.543213,362.638733,981.987427,368.258545,0,0,0,0,0,2.087806
