=== RT SIFT DIAGNOSTICS ===
This report describes the selected best frame pair only.
Coordinates are undistorted display pixels: frame_B/UI-left -> frame_A/UI-right.

[SELECTED_PAIR]
video=D:\Lightglue\lg_env\HBVCAM_4M2214HD-2-v11\video_20260729_114939.mp4
frame_left_B=1
frame_right_A=0
shared_markers=1
baseline_mm=57.218775
rt_sift_role=final_rt
rt_sift_applied=True
rt_reliable=True

[PIPELINE_COUNTS]
left_keypoint_count=775
right_keypoint_count=780
left_descriptor_count=775
right_descriptor_count=780
knn_pair_count=775
ratio_pass_count=69
mutual_pass_count=61
spatially_balanced_count=60
essential_ransac_inlier_count=28
recoverpose_inlier_count=28
final_rt_sift_point_count=22
final_rt_feature_inlier_count=27
final_rt_feature_outlier_count=33

[FEATURE_QUALITY]
match_count=60
essential_inlier_count=28
inlier_count=28
inlier_ratio=0.4666666666666667
grid_coverage=0.16666666666666666
hull_coverage=0.06532286995726876
parallax_deg=21.582283283574533
homography_ratio=0.3333333333333333
planar_degenerate=False
model_epi_px=0.4417049004247486
quality_penalty=0.08333333333333334
quality_ok=True
strong=False
marker_rt_feature_epi_px=4.095976778347227
final_feature_epi_px=0.2626430684696943
final_feature_inlier_p90_px=0.7702482351686866
final_feature_all_p90_px=208.24550432678285
final_feature_holdout_median_px=0.6752633021680232
marker_bidir_rms_px=0.25115529925412877
marker_left_to_right_rms_px=0.2334078666138915
marker_right_to_left_rms_px=0.2677288488183777
marker_bidir_max_px=0.35590744312906963
marker_pnp_self_reproj_px=0.05256630480289459
joint_solution_role=joint_from_marker_w4
feature_rot_agreement_deg=2.659012410702753
pair_score=0.5789750137835795
combined_score=0.35333841512681985
sharpness_min=80.79061101247225
marker_coverage=0.0011006683799011322

[ACTIVE_THRESHOLDS]
sift_max_keypoints=800
sift_contrast_threshold=0.01
match_ratio=0.75
ransac_threshold_px=0.75
min_matches=11
min_inlier_ratio=0.28
min_grid_coverage=0.16666666666666666
min_hull_coverage=0.02
min_parallax_deg=1.0
strong_inliers=40
strong_grid_coverage=0.25

final_feature_inlier_px=1.5
final_feature_p90_max_px=1.25
marker_bidir_rms_max_px=1.5
marker_bidir_point_max_px=2.0

[FINAL_RT_LEFT_TO_RIGHT]
R0=0.999576972507 0.00109635526411 -0.0290632764663
R1=-0.00115062675238 0.999997625485 -0.00185069790384
R2=0.0290611784327 0.00188335599116 0.999575860492
t_mm=-57.2047921156 0.932734920331 -0.854379902146

[GRID_COUNTS_6x4]
raw_keypoints_left
    20   60  310    0    0    0
    32   90  263    0    0    0
     0    0    0    0    0    0
     0    0    0    0    0    0
raw_keypoints_right
     7  384   63    0    0    0
    10  287   29    0    0    0
     0    0    0    0    0    0
     0    0    0    0    0    0
balanced_candidates_left
     0    2    1    0    0    2
     0    0    0    2   16   15
     0    0    0    2   15    5
     0    0    0    0    0    0
balanced_candidates_right
     0    1    1    1    0    0
     0    0    6   24    1    0
     0    0    4   19    3    0
     0    0    0    0    0    0
essential_inliers_left
     0    0    0    0    0    0
     0    0    0    1    8    9
     0    0    0    0    8    2
     0    0    0    0    0    0
essential_inliers_right
     0    0    0    0    0    0
     0    0    2   16    0    0
     0    0    0    9    1    0
     0    0    0    0    0    0
recoverpose_inliers_left
     0    0    0    0    0    0
     0    0    0    1    8    9
     0    0    0    0    8    2
     0    0    0    0    0    0
recoverpose_inliers_right
     0    0    0    0    0    0
     0    0    2   16    0    0
     0    0    0    9    1    0
     0    0    0    0    0    0
joint_optimization_left
     0    0    0    0    0    0
     0    0    0    0    7    8
     0    0    0    0    6    1
     0    0    0    0    0    0
joint_optimization_right
     0    0    0    0    0    0
     0    0    1   14    0    0
     0    0    0    7    0    0
     0    0    0    0    0    0
holdout_left
     0    0    0    0    0    0
     0    0    0    1    1    1
     0    0    0    0    2    1
     0    0    0    0    0    0
holdout_right
     0    0    0    0    0    0
     0    0    1    2    0    0
     0    0    0    2    1    0
     0    0    0    0    0    0
final_rt_inliers_left
     0    0    0    0    0    0
     0    0    0    1    8    9
     0    0    0    0    8    1
     0    0    0    0    0    0
final_rt_inliers_right
     0    0    0    0    0    0
     0    0    2   16    0    0
     0    0    0    9    0    0
     0    0    0    0    0    0

[MATCH_TABLE]
index,left_x,left_y,right_x,right_y,essential_inlier,recoverpose_inlier,optimization_used,holdout,final_rt_inlier,final_epipolar_px
1,1693.650391,199.047577,1366.418945,574.342590,0,0,0,0,0,372.399067
2,1210.155884,776.046021,1221.048462,753.137878,0,0,0,0,0,19.351306
3,1591.885498,367.892090,1187.338623,369.152161,0,0,0,0,0,3.106606
4,1781.172729,716.537903,1370.845825,713.843262,1,1,0,1,0,1.928506
5,1666.074829,450.059509,1250.120850,453.993622,1,1,1,0,1,0.266533
6,1473.017090,688.228821,1030.084473,691.606445,1,1,1,0,1,0.140932
7,1473.017090,688.228821,1030.084473,691.606445,1,1,1,0,1,0.140932
8,1386.713135,560.715698,955.250549,562.500122,0,0,0,0,0,2.644255
9,1627.637451,634.140625,1187.016724,640.873840,0,0,0,0,0,4.327114
10,1637.449219,398.265747,1224.923340,402.508362,1,1,1,0,1,0.050207
11,1457.208252,698.351624,1013.140198,700.362122,0,0,0,0,0,1.650301
12,1494.572144,333.210938,1095.645020,336.772888,1,1,0,1,1,0.857376
13,1379.873169,524.315369,952.042603,529.343201,1,1,1,0,1,0.570549
14,1666.204346,543.073669,1238.020874,543.963196,0,0,0,0,0,1.990325
15,1541.481445,310.108185,1144.342773,314.902161,1,1,1,0,1,0.186578
16,1411.239014,336.622192,1011.955566,335.683441,0,0,0,0,0,5.233966
17,1367.019897,375.845154,962.119141,380.009003,1,1,1,0,1,0.115102
18,584.111206,85.389862,641.267639,783.114075,0,0,0,0,0,700.198466
19,1656.829956,444.746399,1241.307739,447.692963,1,1,1,0,1,0.798624
20,859.541931,229.128876,881.265503,196.707825,0,0,0,0,0,28.472716
21,1436.375610,520.096741,1014.643066,521.912048,0,0,0,0,0,2.282532
22,1508.823730,657.615784,1065.696411,660.195435,1,1,0,1,1,0.767053
23,1675.147583,528.175903,1250.396484,531.008911,1,1,1,0,1,0.092208
24,1638.202515,456.903320,1221.915283,459.969360,1,1,1,0,1,0.614441
25,1359.590454,542.980164,925.091553,526.678406,0,0,0,0,0,20.965819
26,1528.715454,667.178772,1060.094604,670.143188,1,1,1,0,1,0.654392
27,1528.470459,318.375488,1133.082031,323.652710,1,1,1,0,1,0.775042
28,1673.927002,501.164764,1252.863037,503.752625,1,1,0,1,1,0.583474
29,1449.121582,335.990265,1050.120361,340.593994,1,1,1,0,1,0.262643
30,1640.855103,390.328979,1229.211304,393.729614,0,0,0,0,0,0.857221
31,1657.119263,527.553467,1230.960815,527.170715,0,0,0,0,0,3.449615
32,1514.225952,685.755005,1072.919434,689.033264,1,1,1,0,1,0.199452
33,1630.902832,420.324921,1214.958252,424.846100,1,1,1,0,1,0.480262
34,1540.592773,667.464783,1099.968140,668.723938,0,0,0,0,0,1.676552
35,1583.887085,664.028625,1142.046265,668.182922,0,0,0,0,0,1.591489
36,1627.768311,377.907379,939.108704,464.728577,0,0,0,0,0,78.318271
37,1645.287231,449.455292,1229.080444,452.952179,1,1,1,0,1,0.236427
38,1415.334717,616.428528,975.854187,620.611328,1,1,0,1,1,0.068863
39,1494.590454,312.410736,1097.997070,316.508728,1,1,1,0,1,0.389107
40,1346.001587,487.033875,922.604980,464.506927,0,0,0,0,0,27.079194
41,1500.141724,616.258972,1073.428467,619.640930,1,1,1,0,1,0.042768
42,1636.815796,416.380280,1222.595459,420.011108,1,1,1,0,1,0.415577
43,1649.163696,556.287354,1216.297974,559.925049,1,1,1,0,1,0.728598
44,424.841583,122.268921,519.123779,124.672363,0,0,0,0,0,11.970318
45,1365.522705,645.508850,931.315735,624.313721,0,0,0,0,0,25.705097
46,1612.620361,411.354675,1198.854980,414.344971,0,0,0,0,0,1.130669
47,1664.674561,555.320068,1234.718750,559.081482,0,0,0,0,0,0.990614
48,1165.098633,390.221588,790.492249,393.891266,1,1,0,1,1,0.160784
49,1445.052124,363.164551,975.291809,589.365540,0,0,0,0,0,221.161173
50,1665.280396,402.215271,1253.495972,405.347198,0,0,0,0,0,0.988692
51,1307.907471,456.858734,901.136963,668.100220,0,0,0,0,0,206.810430
52,1398.738525,577.010803,963.486694,581.401123,1,1,1,0,1,0.000612
53,1339.471924,451.138824,1254.990845,562.763367,0,0,0,0,0,113.036557
54,1460.624512,724.968628,1292.685791,458.562805,0,0,0,0,0,265.136246
55,1111.378174,398.895508,735.317627,402.981720,0,0,0,0,0,0.167158
56,1133.592651,669.164795,997.213074,154.695847,0,0,0,0,0,514.386033
57,1636.250854,512.979309,1140.877808,606.241333,0,0,0,0,0,89.118667
58,1850.778442,44.967316,1312.361816,726.694702,0,0,0,0,0,675.747793
59,1472.358643,440.690063,1072.455200,444.522552,1,1,1,0,1,0.088451
60,1544.566772,351.945770,1109.556030,333.913330,0,0,0,0,0,23.007425
