=== RT SIFT DIAGNOSTICS ===
This report describes the selected best frame pair only.
Coordinates are undistorted display pixels: frame_B/UI-left -> frame_A/UI-right.

[SELECTED_PAIR]
video=D:\Lightglue\lg_env\HBVCAM_4M2214HD-2-v11\video_20260728_152645.mp4
frame_left_B=1
frame_right_A=0
shared_markers=1
baseline_mm=58.728190
rt_sift_role=final_rt
rt_sift_applied=True
rt_reliable=True

[PIPELINE_COUNTS]
left_keypoint_count=783
right_keypoint_count=782
left_descriptor_count=783
right_descriptor_count=782
knn_pair_count=783
ratio_pass_count=69
mutual_pass_count=62
spatially_balanced_count=59
essential_ransac_inlier_count=31
recoverpose_inlier_count=31
final_rt_sift_point_count=24
final_rt_feature_inlier_count=28
final_rt_feature_outlier_count=31

[FEATURE_QUALITY]
match_count=59
essential_inlier_count=31
inlier_count=31
inlier_ratio=0.5254237288135594
grid_coverage=0.20833333333333334
hull_coverage=0.05183730892899297
parallax_deg=18.855124668651523
homography_ratio=0.3559322033898305
planar_degenerate=False
model_epi_px=0.3414417698304455
quality_penalty=0.04166666666666666
quality_ok=True
strong=False
marker_rt_feature_epi_px=2.7001952998144603
final_feature_epi_px=0.3993331017710229
final_feature_inlier_p90_px=1.076535576756966
final_feature_all_p90_px=102.20948174377065
final_feature_holdout_median_px=0.24948052355747102
marker_bidir_rms_px=0.23952709771803454
marker_left_to_right_rms_px=0.27212167050249947
marker_right_to_left_rms_px=0.20173313442609983
marker_bidir_max_px=0.3545363338869155
marker_pnp_self_reproj_px=0.06391672790050507
joint_solution_role=joint_from_marker_w4
feature_rot_agreement_deg=1.9098829773450905
pair_score=0.5267426647105833
combined_score=0.2651286835276512
sharpness_min=95.99008101210988
marker_coverage=0.0007509814090026115

[ACTIVE_THRESHOLDS]
sift_max_keypoints=800
sift_contrast_threshold=0.01
match_ratio=0.75
ransac_threshold_px=0.75
min_matches=11
min_inlier_ratio=0.28
min_grid_coverage=0.16666666666666666
min_hull_coverage=0.02
min_parallax_deg=1.0
strong_inliers=40
strong_grid_coverage=0.25

final_feature_inlier_px=1.5
final_feature_p90_max_px=1.25
marker_bidir_rms_max_px=1.5
marker_bidir_point_max_px=2.0

[FINAL_RT_LEFT_TO_RIGHT]
R0=0.999777509295 -0.000387247951327 -0.0210898541017
R1=0.00021578958091 0.999966914976 -0.00813156737159
R2=0.0210923052762 0.00812520720266 0.999744515197
t_mm=-58.6861093661 2.19933565333 0.322147655015

[GRID_COUNTS_6x4]
raw_keypoints_left
    39  222  428    0    0    0
    10   34   50    0    0    0
     0    0    0    0    0    0
     0    0    0    0    0    0
raw_keypoints_right
    24  554   48    0    0    0
    64   89    3    0    0    0
     0    0    0    0    0    0
     0    0    0    0    0    0
balanced_candidates_left
     0    1    0    1    4    0
     0    1    1   19   23    2
     0    1    0    3    1    2
     0    0    0    0    0    0
balanced_candidates_right
     0    0    5    1    1    0
     0    0   18   24    4    0
     0    1    3    1    1    0
     0    0    0    0    0    0
essential_inliers_left
     0    0    0    1    3    0
     0    0    1   10   15    1
     0    0    0    0    0    0
     0    0    0    0    0    0
essential_inliers_right
     0    0    1    1    0    0
     0    0   11   16    2    0
     0    0    0    0    0    0
     0    0    0    0    0    0
recoverpose_inliers_left
     0    0    0    1    3    0
     0    0    1   10   15    1
     0    0    0    0    0    0
     0    0    0    0    0    0
recoverpose_inliers_right
     0    0    1    1    0    0
     0    0   11   16    2    0
     0    0    0    0    0    0
     0    0    0    0    0    0
joint_optimization_left
     0    0    0    0    1    0
     0    0    1    8   13    1
     0    0    0    0    0    0
     0    0    0    0    0    0
joint_optimization_right
     0    0    0    0    0    0
     0    0    9   13    2    0
     0    0    0    0    0    0
     0    0    0    0    0    0
holdout_left
     0    0    0    1    2    0
     0    0    0    2    2    0
     0    0    0    0    0    0
     0    0    0    0    0    0
holdout_right
     0    0    1    1    0    0
     0    0    2    3    0    0
     0    0    0    0    0    0
     0    0    0    0    0    0
final_rt_inliers_left
     0    0    0    1    2    0
     0    0    1    9   14    1
     0    0    0    0    0    0
     0    0    0    0    0    0
final_rt_inliers_right
     0    0    1    1    0    0
     0    0   10   14    2    0
     0    0    0    0    0    0
     0    0    0    0    0    0

[MATCH_TABLE]
index,left_x,left_y,right_x,right_y,essential_inlier,recoverpose_inlier,optimization_used,holdout,final_rt_inlier,final_epipolar_px
1,1329.085938,609.842590,1325.540527,566.347107,0,0,0,0,0,34.841690
2,1102.015137,436.179047,1388.232178,482.258148,0,0,0,0,0,64.306356
3,1222.332764,260.714447,938.678589,264.092468,1,1,0,1,1,0.217027
4,1200.292480,627.712830,843.288818,639.946777,0,0,0,0,0,7.891968
5,1103.643799,467.913544,1119.282837,596.536194,0,0,0,0,0,136.919036
6,1278.364868,411.214935,967.835510,415.731659,0,0,0,0,0,0.665969
7,1795.751343,712.399902,829.168640,184.254852,0,0,0,0,0,554.559069
8,1124.442017,607.741699,801.569336,627.658203,0,0,0,0,0,16.334441
9,510.975769,69.390533,860.862061,235.403198,0,0,0,0,0,192.503993
10,1206.722412,423.790497,891.835266,426.951172,1,1,1,0,1,0.789273
11,1451.294067,267.505981,1120.130615,273.172272,1,1,1,0,1,0.118500
12,1541.191040,416.915741,1235.388428,420.212463,0,0,0,0,0,0.315641
13,1440.160767,460.207397,1121.678955,463.574188,1,1,1,0,1,0.331883
14,415.912842,433.566345,657.246399,332.431488,0,0,0,0,0,83.046934
15,1346.935059,336.559906,1050.517334,339.800079,1,1,1,0,1,0.544500
16,1424.183716,444.350830,1115.524658,447.840485,1,1,0,1,1,0.013517
17,1251.660156,405.404175,938.166687,408.508087,1,1,1,0,1,0.878193
18,1795.751343,712.399902,829.168640,184.254852,0,0,0,0,0,554.559069
19,1262.218872,420.551880,948.217773,422.922607,1,1,1,0,0,1.564255
20,1344.533569,494.413696,1019.094299,496.271088,0,0,0,0,0,1.939697
21,1433.812500,478.605957,1113.589111,482.474060,1,1,1,0,1,0.283131
22,1381.599487,454.226501,1072.065918,455.126556,0,0,0,0,0,2.596405
23,1188.654175,368.024994,881.691467,371.916382,1,1,1,0,1,0.092868
24,1533.876465,370.207092,1233.583374,372.784668,0,0,0,0,0,1.342705
25,1354.142212,172.587921,687.165894,249.337158,0,0,0,0,0,58.112716
26,1546.540771,391.417511,1244.680786,396.776398,1,1,0,1,0,1.615526
27,915.995605,332.235016,657.246399,332.431488,1,1,1,0,1,1.139433
28,1308.550537,345.910187,1008.748108,348.898010,1,1,1,0,1,0.808145
29,1368.276001,330.032623,1071.883789,334.393890,1,1,1,0,1,0.502060
30,1317.834595,327.233521,1020.214233,330.929871,1,1,1,0,1,0.118030
31,1154.395020,282.140594,859.331482,279.939514,0,0,0,0,0,5.528673
32,1252.269165,417.987976,939.392029,420.277130,0,0,0,0,0,1.615408
33,1758.021484,515.964478,1331.951294,151.550537,0,0,0,0,0,373.189147
34,1522.924072,264.538483,982.971558,276.165710,1,1,0,1,0,2.357461
35,1381.323364,413.558319,1080.517578,415.569366,0,0,0,0,0,1.481250
36,1378.660645,404.163116,1080.807007,408.075958,1,1,1,0,1,0.466784
37,1336.269043,400.358032,1032.544678,402.756317,0,0,0,0,0,1.283171
38,1610.625366,404.012054,1310.963257,408.576111,1,1,1,0,1,1.049580
39,1468.563354,448.735687,1155.949463,452.781281,1,1,1,0,1,0.482161
40,1252.924438,395.357727,941.328613,397.858856,1,1,1,0,1,1.454489
41,1242.616333,407.283020,929.289551,410.455292,1,1,0,1,1,0.791829
42,1297.527832,458.066040,982.329285,462.041016,1,1,1,0,1,0.227150
43,1179.315186,557.927063,845.578491,558.134888,0,0,0,0,0,3.869425
44,1322.465820,446.617401,1010.544067,450.820923,1,1,1,0,1,0.522029
45,1233.468140,507.792206,907.230408,512.296021,0,0,0,0,0,0.562893
46,1304.956909,361.001007,1003.107300,364.587463,1,1,1,0,1,0.209908
47,1155.837769,494.376770,832.565247,497.047333,1,1,1,0,1,1.369174
48,1205.376099,323.605103,906.588318,327.434387,1,1,0,1,1,0.223455
49,1182.642944,372.244934,875.708374,376.026001,1,1,1,0,1,0.000550
50,1192.296631,494.932068,868.016235,493.859192,0,0,0,0,0,5.095213
51,1164.731079,332.122864,1316.798462,514.653687,0,0,0,0,0,195.859970
52,492.833649,739.714661,496.130707,754.950134,0,0,0,0,0,19.400233
53,1318.298218,369.500763,1020.293518,376.207397,0,0,0,0,0,3.085307
54,1593.281738,373.289398,940.352417,297.374939,0,0,0,0,0,93.532093
55,1357.641846,319.008759,1056.461792,323.038666,1,1,1,0,1,0.047517
56,1209.908691,416.296936,896.234436,420.187073,1,1,1,0,1,0.041144
57,1584.512695,412.495880,1283.766724,416.679901,1,1,1,0,1,0.727329
58,1225.984131,447.318542,907.153137,452.662567,0,0,0,0,0,1.351670
59,1476.812256,261.713287,1197.506714,265.902710,1,1,0,1,1,0.249481
