=== RT SIFT DIAGNOSTICS ===
This report describes the selected best frame pair only.
Coordinates are undistorted display pixels: frame_B/UI-left -> frame_A/UI-right.

[SELECTED_PAIR]
video=D:\Lightglue\lg_env\HBVCAM_4M2214HD-2-v11\video_20260729_114444.mp4
frame_left_B=1
frame_right_A=0
shared_markers=1
baseline_mm=53.696035
rt_sift_role=final_rt
rt_sift_applied=True
rt_reliable=True

[PIPELINE_COUNTS]
left_keypoint_count=787
right_keypoint_count=783
left_descriptor_count=787
right_descriptor_count=783
knn_pair_count=787
ratio_pass_count=57
mutual_pass_count=52
spatially_balanced_count=52
essential_ransac_inlier_count=21
recoverpose_inlier_count=21
final_rt_sift_point_count=16
final_rt_feature_inlier_count=16
final_rt_feature_outlier_count=36

[FEATURE_QUALITY]
match_count=52
essential_inlier_count=21
inlier_count=21
inlier_ratio=0.40384615384615385
grid_coverage=0.20833333333333334
hull_coverage=0.10100851037438954
parallax_deg=26.14427051505185
homography_ratio=0.2692307692307692
planar_degenerate=False
model_epi_px=0.2683820586230371
quality_penalty=0.04166666666666666
quality_ok=True
strong=False
marker_rt_feature_epi_px=2.8816484614807223
final_feature_epi_px=0.7140910884410075
final_feature_inlier_p90_px=1.0580800562320114
final_feature_all_p90_px=306.27551169580613
final_feature_holdout_median_px=0.8929448977040272
marker_bidir_rms_px=0.5798601215680301
marker_left_to_right_rms_px=0.5453073257642023
marker_right_to_left_rms_px=0.6124666861451941
marker_bidir_max_px=0.95307781218182
marker_pnp_self_reproj_px=0.11407239735126495
joint_solution_role=joint_from_marker_w4
feature_rot_agreement_deg=6.195360301831518
pair_score=0.6062944000720202
combined_score=0.32538592190331717
sharpness_min=87.65950657495686
marker_coverage=0.0007305653028671248

[ACTIVE_THRESHOLDS]
sift_max_keypoints=800
sift_contrast_threshold=0.01
match_ratio=0.75
ransac_threshold_px=0.75
min_matches=11
min_inlier_ratio=0.28
min_grid_coverage=0.16666666666666666
min_hull_coverage=0.02
min_parallax_deg=1.0
strong_inliers=40
strong_grid_coverage=0.25

final_feature_inlier_px=1.5
final_feature_p90_max_px=1.25
marker_bidir_rms_max_px=1.5
marker_bidir_point_max_px=2.0

[FINAL_RT_LEFT_TO_RIGHT]
R0=0.998621389103 -0.0127005328277 -0.0509314999923
R1=0.0118685579616 0.999791692494 -0.0166044858934
R2=0.0511317763967 0.0159771113085 0.998564105782
t_mm=-53.6180407128 2.57990097537 -1.30920968629

[GRID_COUNTS_6x4]
raw_keypoints_left
     2  174  191    0    0    0
     5  164  251    0    0    0
     0    0    0    0    0    0
     0    0    0    0    0    0
raw_keypoints_right
    38  273   26    0    0    0
    99  312   35    0    0    0
     0    0    0    0    0    0
     0    0    0    0    0    0
balanced_candidates_left
     1    0    1    4    0    0
     0    0    1   11    8    1
     0    0    2    7   14    2
     0    0    0    0    0    0
balanced_candidates_right
     1    0    3    0    0    0
     1    0   10    9    0    0
     0    2   11   11    1    0
     3    0    0    0    0    0
essential_inliers_left
     1    0    0    0    0    0
     0    0    0    7    6    0
     0    0    0    3    4    0
     0    0    0    0    0    0
essential_inliers_right
     1    0    0    0    0    0
     0    0    8    5    0    0
     0    0    4    3    0    0
     0    0    0    0    0    0
recoverpose_inliers_left
     1    0    0    0    0    0
     0    0    0    7    6    0
     0    0    0    3    4    0
     0    0    0    0    0    0
recoverpose_inliers_right
     1    0    0    0    0    0
     0    0    8    5    0    0
     0    0    4    3    0    0
     0    0    0    0    0    0
joint_optimization_left
     1    0    0    0    0    0
     0    0    0    5    5    0
     0    0    0    2    3    0
     0    0    0    0    0    0
joint_optimization_right
     1    0    0    0    0    0
     0    0    6    4    0    0
     0    0    2    3    0    0
     0    0    0    0    0    0
holdout_left
     0    0    0    0    0    0
     0    0    0    2    1    0
     0    0    0    1    1    0
     0    0    0    0    0    0
holdout_right
     0    0    0    0    0    0
     0    0    2    1    0    0
     0    0    2    0    0    0
     0    0    0    0    0    0
final_rt_inliers_left
     1    0    0    0    0    0
     0    0    0    5    6    0
     0    0    0    2    2    0
     0    0    0    0    0    0
final_rt_inliers_right
     1    0    0    0    0    0
     0    0    6    5    0    0
     0    0    2    2    0    0
     0    0    0    0    0    0

[MATCH_TABLE]
index,left_x,left_y,right_x,right_y,essential_inlier,recoverpose_inlier,optimization_used,holdout,final_rt_inlier,final_epipolar_px
1,1125.258179,229.261475,807.856934,225.073456,0,0,0,0,0,0.267167
2,1095.948730,122.332771,766.816406,752.022095,0,0,0,0,0,632.179317
3,1245.979370,584.027100,839.393433,587.438416,1,1,0,1,1,0.892945
4,1147.819702,219.033585,822.446655,221.907990,0,0,0,0,0,6.005873
5,1416.593994,402.635193,1051.220947,406.249969,1,1,1,0,1,0.726920
6,1425.379395,409.193115,1060.860352,412.112823,1,1,1,0,1,1.442100
7,954.179260,587.636902,176.533997,852.587402,0,0,0,0,0,239.753780
8,1549.732788,601.220642,1151.594482,602.541321,0,0,0,0,0,2.743258
9,936.000977,673.487061,304.905975,1051.849243,0,0,0,0,0,359.199103
10,1490.600098,438.980011,1118.232056,443.977448,1,1,1,0,1,0.138429
11,1210.568604,558.741455,809.887817,562.664795,1,1,1,0,1,0.028315
12,1409.618164,687.836914,993.180542,691.015564,0,0,0,0,0,0.603877
13,1194.309326,491.311249,805.903259,495.995361,1,1,0,1,0,1.653215
14,755.275818,185.925232,124.463516,503.867157,0,0,0,0,0,313.666815
15,1267.540283,386.210785,885.523987,385.924835,0,0,0,0,0,3.458740
16,996.073853,728.129089,602.172974,750.707703,0,0,0,0,0,18.348519
17,1210.441284,535.418152,816.087891,539.822998,1,1,1,0,1,0.853296
18,1252.401123,637.590332,839.666565,639.751648,1,1,1,0,0,2.296933
19,1227.534180,403.633636,856.102173,407.367859,1,1,1,0,0,1.523881
20,1194.322021,460.770264,813.152771,466.818176,0,0,0,0,0,3.492581
21,1485.138062,342.493073,1164.072144,352.330536,0,0,0,0,0,6.146106
22,1420.311646,679.344849,1002.381531,682.582581,0,0,0,0,0,0.714838
23,1538.079590,591.939209,1144.424683,592.781616,0,0,0,0,0,3.175502
24,1490.744873,661.642761,1076.209473,664.762939,1,1,1,0,1,0.701262
25,1333.571899,409.464020,966.362976,412.280090,1,1,0,1,1,0.563632
26,962.260193,163.237473,154.920044,1029.200928,0,0,0,0,0,844.776299
27,1572.342529,795.525513,1042.154907,742.894897,0,0,0,0,0,60.024595
28,1203.556641,471.643127,821.968994,474.572418,1,1,1,0,1,0.228112
29,1522.975708,514.630310,1139.013794,518.292236,1,1,1,0,1,1.204631
30,1213.555054,472.610138,831.245483,476.223724,1,1,1,0,1,0.777150
31,1288.290039,655.606567,873.754456,659.771484,0,0,0,0,0,0.244101
32,44.940712,70.444000,18.025154,10.925435,1,1,1,0,1,0.392357
33,1320.582275,657.062439,904.060120,663.633545,0,0,0,0,0,2.134952
34,1335.460449,653.224426,916.822998,655.899597,1,1,0,1,0,1.895293
35,1291.454834,416.370941,918.891052,419.811157,1,1,1,0,1,0.329488
36,1794.990967,617.231812,833.600769,103.604362,0,0,0,0,0,548.833588
37,996.073853,728.129089,602.172974,750.707703,0,0,0,0,0,18.348519
38,1446.264404,661.560242,1028.584595,665.113708,1,1,1,0,1,0.579966
39,1232.873779,415.986664,861.416138,419.229126,1,1,1,0,1,0.911529
40,1437.252686,696.825012,1016.905029,698.234741,1,1,1,0,0,2.325823
41,1416.836914,517.373230,1043.276855,516.901245,0,0,0,0,0,4.233097
42,752.230774,534.876770,1059.568359,644.421692,0,0,0,0,0,143.637544
43,1265.549194,628.072632,1062.958252,420.071869,0,0,0,0,0,201.704246
44,1217.907104,414.188507,850.687927,416.991272,1,1,0,1,1,0.870426
45,1332.162598,562.963135,944.321533,566.988953,0,0,0,0,0,0.332498
46,1558.229980,584.932556,1156.301270,555.823853,0,0,0,0,0,33.980397
47,1453.470581,673.111328,1033.165527,678.074646,0,0,0,0,0,0.916714
48,1253.875000,670.067505,775.539734,606.038818,0,0,0,0,0,71.867473
49,1676.458862,699.919922,739.332397,740.617798,0,0,0,0,0,9.722982
50,1663.651855,407.217682,1315.462280,748.922424,0,0,0,0,0,339.903504
51,1034.322144,399.122620,1184.838013,512.190735,0,0,0,0,0,137.781617
52,1260.259033,499.494904,868.703003,599.565247,0,0,0,0,0,96.319437
