=== RT SIFT DIAGNOSTICS ===
This report describes the selected best frame pair only.
Coordinates are undistorted display pixels: frame_B/UI-left -> frame_A/UI-right.

[SELECTED_PAIR]
video=D:\Lightglue\lg_env\HBVCAM_4M2214HD-2-v11\video_20260729_110735.mp4
frame_left_B=1
frame_right_A=0
shared_markers=1
baseline_mm=58.092168
rt_sift_role=validation_only
rt_sift_applied=False
rt_reliable=False

[PIPELINE_COUNTS]
left_keypoint_count=750
right_keypoint_count=773
left_descriptor_count=750
right_descriptor_count=773
knn_pair_count=750
ratio_pass_count=70
mutual_pass_count=66
spatially_balanced_count=60
essential_ransac_inlier_count=31
recoverpose_inlier_count=31
final_rt_sift_point_count=0
final_rt_feature_inlier_count=29
final_rt_feature_outlier_count=31

[FEATURE_QUALITY]
match_count=60
essential_inlier_count=31
inlier_count=31
inlier_ratio=0.5166666666666667
grid_coverage=0.08333333333333333
hull_coverage=0.02523528389889606
parallax_deg=14.991592795093592
homography_ratio=0.3333333333333333
planar_degenerate=False
model_epi_px=0.4601083628808925
quality_penalty=0.22203435204580646
quality_ok=False
strong=False
marker_rt_feature_epi_px=0.4898555506554644
final_feature_epi_px=0.3961975797920513
final_feature_inlier_p90_px=1.0443583362779714
final_feature_all_p90_px=4.952770625527592
final_feature_holdout_median_px=None
marker_bidir_rms_px=0.07205537420425741
marker_left_to_right_rms_px=0.0536236275462969
marker_right_to_left_rms_px=0.08665137316977242
marker_bidir_max_px=0.08884240765707645
marker_pnp_self_reproj_px=0.07015581429004669
joint_solution_role=marker_only
feature_rot_agreement_deg=2.569619810076938
pair_score=0.49810454988306324
combined_score=0.342030153286039
sharpness_min=122.03384114242832
marker_coverage=0.0008331333977719309

[ACTIVE_THRESHOLDS]
sift_max_keypoints=800
sift_contrast_threshold=0.01
match_ratio=0.75
ransac_threshold_px=0.75
min_matches=11
min_inlier_ratio=0.28
min_grid_coverage=0.16666666666666666
min_hull_coverage=0.02
min_parallax_deg=1.0
strong_inliers=40
strong_grid_coverage=0.25

final_feature_inlier_px=1.5
final_feature_p90_max_px=1.25
marker_bidir_rms_max_px=1.5
marker_bidir_point_max_px=2.0

[FINAL_RT_LEFT_TO_RIGHT]
R0=0.999737917553 -0.00179472050546 -0.0228226901384
R1=0.00190360343287 0.999986906864 0.0047499889028
R2=0.0228138664153 -0.00479218936538 0.999728244285
t_mm=-58.0762740422 -0.119044854344 -1.35357115349

[GRID_COUNTS_6x4]
raw_keypoints_left
    19   66  501    0    0    0
    41    0  123    0    0    0
     0    0    0    0    0    0
     0    0    0    0    0    0
raw_keypoints_right
    24  469   93    0    0    0
    28  116   43    0    0    0
     0    0    0    0    0    0
     0    0    0    0    0    0
balanced_candidates_left
     0    1    0    0   24    0
     0    1    0    2   23    1
     1    0    0    0    4    2
     1    0    0    0    0    0
balanced_candidates_right
     0    1    1   22    1    1
     0    1    2   24    1    0
     0    0    0    5    1    0
     0    0    0    0    0    0
essential_inliers_left
     0    0    0    0   15    0
     0    0    0    0   16    0
     0    0    0    0    0    0
     0    0    0    0    0    0
essential_inliers_right
     0    0    0   15    0    0
     0    0    0   16    0    0
     0    0    0    0    0    0
     0    0    0    0    0    0
recoverpose_inliers_left
     0    0    0    0   15    0
     0    0    0    0   16    0
     0    0    0    0    0    0
     0    0    0    0    0    0
recoverpose_inliers_right
     0    0    0   15    0    0
     0    0    0   16    0    0
     0    0    0    0    0    0
     0    0    0    0    0    0
joint_optimization_left
     0    0    0    0    0    0
     0    0    0    0    0    0
     0    0    0    0    0    0
     0    0    0    0    0    0
joint_optimization_right
     0    0    0    0    0    0
     0    0    0    0    0    0
     0    0    0    0    0    0
     0    0    0    0    0    0
holdout_left
     0    0    0    0    0    0
     0    0    0    0    0    0
     0    0    0    0    0    0
     0    0    0    0    0    0
holdout_right
     0    0    0    0    0    0
     0    0    0    0    0    0
     0    0    0    0    0    0
     0    0    0    0    0    0
final_rt_inliers_left
     0    0    0    0   14    0
     0    0    0    0   15    0
     0    0    0    0    0    0
     0    0    0    0    0    0
final_rt_inliers_right
     0    0    0   14    0    0
     0    0    0   15    0    0
     0    0    0    0    0    0
     0    0    0    0    0    0

[MATCH_TABLE]
index,left_x,left_y,right_x,right_y,essential_inlier,recoverpose_inlier,optimization_used,holdout,final_rt_inlier,final_epipolar_px
1,1566.078491,259.575928,1286.176270,268.108215,0,0,0,0,0,3.337396
2,1482.329346,143.414597,1220.290649,149.437286,0,0,0,0,0,0.638766
3,1551.222168,238.564194,1271.794189,241.666855,1,1,0,0,0,2.142900
4,152.195175,634.734985,514.558960,471.432281,0,0,0,0,0,168.625882
5,1264.365601,308.501160,942.629578,315.374786,0,0,0,0,0,3.538126
6,1563.627197,695.758911,1206.442505,696.826050,0,0,0,0,0,3.019970
7,1586.235962,672.563843,1233.785278,674.803589,0,0,0,0,0,1.696951
8,1508.899414,161.220184,1244.816528,165.467651,1,1,0,0,1,1.252472
9,1367.836060,307.194031,1046.014160,311.290131,1,1,0,0,1,0.289687
10,1435.970093,224.684113,1140.522583,228.584854,1,1,0,0,1,0.523278
11,1497.525269,203.034851,1219.062622,206.841049,1,1,0,0,1,1.260553
12,1538.866943,670.079407,1181.947632,672.164917,0,0,0,0,0,2.098268
13,1469.987305,237.321732,1174.315186,242.235382,1,1,0,0,1,0.302992
14,1473.581543,243.682693,1180.014771,248.348541,1,1,0,0,1,0.038834
15,1400.199585,218.149841,1104.493774,222.734451,1,1,0,0,1,0.396198
16,1509.332886,281.634460,1206.933472,284.298828,0,0,0,0,0,1.988672
17,1463.856689,246.964798,1165.981323,251.335327,1,1,0,0,1,0.157454
18,434.492676,122.338089,510.149109,116.399643,0,0,0,0,0,4.800828
19,1487.249146,265.599365,1188.557129,271.890350,0,0,0,0,0,1.689497
20,1412.574219,239.134048,1111.765259,246.040390,0,0,0,0,0,2.706674
21,1444.301147,169.860626,1170.078247,173.690033,1,1,0,0,1,0.999903
22,1343.433105,165.859970,1061.410156,172.667694,0,0,0,0,0,2.873860
23,1360.961914,319.059265,1035.356079,323.720825,1,1,0,0,1,0.891011
24,1627.859131,684.763672,1274.755249,688.246094,0,0,0,0,0,0.242911
25,1388.344360,226.975967,1089.799316,232.310455,0,0,0,0,0,1.260536
26,1531.895630,311.553467,1221.624512,316.074188,1,1,0,0,1,0.090518
27,1537.466553,341.215149,1223.934204,344.688660,1,1,0,0,1,1.043191
28,1314.318726,150.716858,1029.490112,154.693939,0,0,0,0,0,0.302813
29,1343.531616,316.305206,1018.184082,319.848175,1,1,0,0,1,0.147565
30,1484.189697,225.562180,1196.840820,229.974014,1,1,0,0,1,0.394113
31,524.668030,353.652344,892.125854,155.402740,0,0,0,0,0,201.309393
32,1422.304199,402.602814,1087.699585,404.558167,1,1,0,0,0,2.069727
33,1529.504639,284.917023,1231.474243,290.378448,0,0,0,0,0,0.695742
34,259.380005,989.794922,1866.189209,204.315689,0,0,0,0,0,788.619648
35,1504.937256,528.031860,1142.204224,532.389771,0,0,0,0,0,0.204843
36,1405.365601,401.929871,1067.488403,407.532959,0,0,0,0,0,1.621519
37,1438.254028,388.378510,1109.076172,391.502930,1,1,0,0,1,0.946314
38,1329.693481,403.798035,983.141663,407.761505,1,1,0,0,1,0.162640
39,1329.125732,318.972504,1003.321838,322.410553,1,1,0,0,1,0.192109
40,1331.895630,410.192383,984.375000,414.061371,1,1,0,0,1,0.043103
41,1213.822510,415.660004,879.003662,412.973480,0,0,0,0,0,6.320252
42,1416.266235,370.354553,1089.809814,371.303040,0,0,0,0,0,3.063969
43,1329.693481,403.798035,983.141663,407.761505,1,1,0,0,1,0.162640
44,1329.125732,318.972504,1003.321838,322.410553,1,1,0,0,1,0.192109
45,1442.946533,231.985352,1147.699829,236.959625,1,1,0,0,1,0.522208
46,1375.004761,465.246704,1018.203369,468.301514,1,1,0,0,1,1.001383
47,1303.967285,313.748047,976.022461,317.296326,1,1,0,0,1,0.051597
48,1373.531738,286.054626,1063.330566,291.464844,0,0,0,0,0,1.526530
49,1302.238892,291.500549,979.595459,299.659912,0,0,0,0,0,4.696076
50,1463.772583,284.728882,1162.255005,288.260864,1,1,0,0,1,0.873156
51,1409.258423,288.175873,1103.019043,291.216644,1,1,0,0,1,1.049027
52,1317.887451,168.499268,1026.952271,167.588821,0,0,0,0,0,4.556114
53,1408.430908,175.657608,1127.372192,181.487244,0,0,0,0,0,1.373444
54,1407.000122,196.265762,1119.186035,200.911896,1,1,0,0,1,0.305862
55,1339.709351,180.154938,1049.639526,183.196823,1,1,0,0,1,0.782943
56,1686.800049,688.346252,1339.490234,689.287354,0,0,0,0,0,2.442843
57,1411.463257,217.327179,1114.634399,222.377090,1,1,0,0,1,0.789896
58,1429.510742,173.058136,1150.912720,176.913757,1,1,0,0,1,0.803328
59,1538.866943,670.079407,1057.282715,568.623596,0,0,0,0,0,106.023360
60,1615.031616,533.448853,1312.572021,527.159058,0,0,0,0,0,10.261637
