=== RT SIFT DIAGNOSTICS ===
This report describes the selected best frame pair only.
Coordinates are undistorted display pixels: frame_B/UI-left -> frame_A/UI-right.

[SELECTED_PAIR]
video=HBVCAM_4M2214HD-2-v11\video_20260728_153312.mp4
frame_left_B=1
frame_right_A=0
shared_markers=1
baseline_mm=56.115948
rt_sift_role=final_rt
rt_sift_applied=True
rt_reliable=True

[PIPELINE_COUNTS]
left_keypoint_count=780
right_keypoint_count=770
left_descriptor_count=780
right_descriptor_count=770
knn_pair_count=780
ratio_pass_count=62
mutual_pass_count=52
spatially_balanced_count=52
essential_ransac_inlier_count=21
recoverpose_inlier_count=21
final_rt_sift_point_count=16
final_rt_feature_inlier_count=20
final_rt_feature_outlier_count=32

[FEATURE_QUALITY]
match_count=52
essential_inlier_count=21
inlier_count=21
inlier_ratio=0.40384615384615385
grid_coverage=0.20833333333333334
hull_coverage=0.070315882093338
parallax_deg=18.527569790117074
homography_ratio=0.28846153846153844
planar_degenerate=False
model_epi_px=0.4685883397269779
quality_penalty=0.04166666666666666
quality_ok=True
strong=False
marker_rt_feature_epi_px=3.588751502711186
final_feature_epi_px=0.36863082328314667
final_feature_inlier_p90_px=0.9688322470224008
final_feature_all_p90_px=316.3910969582839
final_feature_holdout_median_px=0.9681454166628422
marker_bidir_rms_px=0.24226726598755152
marker_left_to_right_rms_px=0.2648405117117966
marker_right_to_left_rms_px=0.2173622775331539
marker_bidir_max_px=0.403453026188947
marker_pnp_self_reproj_px=0.041292108595371246
joint_solution_role=joint_from_marker_w1
feature_rot_agreement_deg=2.9942338607022876
pair_score=0.4987420267409001
combined_score=0.3222915667197254
sharpness_min=105.74294120910092
marker_coverage=0.001069300375654424

[ACTIVE_THRESHOLDS]
sift_max_keypoints=800
sift_contrast_threshold=0.01
match_ratio=0.75
ransac_threshold_px=0.75
min_matches=11
min_inlier_ratio=0.28
min_grid_coverage=0.16666666666666666
min_hull_coverage=0.02
min_parallax_deg=1.0
strong_inliers=40
strong_grid_coverage=0.25

final_feature_inlier_px=1.5
final_feature_p90_max_px=1.25
marker_bidir_rms_max_px=1.5
marker_bidir_point_max_px=2.0

[FINAL_RT_LEFT_TO_RIGHT]
R0=0.999552384881 0.00135634755771 -0.0298862878242
R1=-0.000811966272156 0.999833677823 0.0182196981591
R2=0.0299060293149 -0.0181872760891 0.999387238461
t_mm=-56.0513961154 -2.25670342297 -1.4655765296

[GRID_COUNTS_6x4]
raw_keypoints_left
    12  199  386    0    0    0
    18   27  138    0    0    0
     0    0    0    0    0    0
     0    0    0    0    0    0
raw_keypoints_right
    43  465   85    0    0    0
    46  108   23    0    0    0
     0    0    0    0    0    0
     0    0    0    0    0    0
balanced_candidates_left
     0    0    0    3    2    4
     1    0    1    9   19    4
     1    0    0    3    1    2
     2    0    0    0    0    0
balanced_candidates_right
     2    0    0    1    3    2
     2    0   12   17    4    0
     0    1    2    0    4    0
     2    0    0    0    0    0
essential_inliers_left
     0    0    0    0    0    2
     0    0    0    6   11    1
     0    0    0    1    0    0
     0    0    0    0    0    0
essential_inliers_right
     0    0    0    0    2    0
     0    0    7   10    1    0
     0    0    1    0    0    0
     0    0    0    0    0    0
recoverpose_inliers_left
     0    0    0    0    0    2
     0    0    0    6   11    1
     0    0    0    1    0    0
     0    0    0    0    0    0
recoverpose_inliers_right
     0    0    0    0    2    0
     0    0    7   10    1    0
     0    0    1    0    0    0
     0    0    0    0    0    0
joint_optimization_left
     0    0    0    0    0    1
     0    0    0    4   10    0
     0    0    0    1    0    0
     0    0    0    0    0    0
joint_optimization_right
     0    0    0    0    1    0
     0    0    5    9    0    0
     0    0    1    0    0    0
     0    0    0    0    0    0
holdout_left
     0    0    0    0    0    1
     0    0    0    2    1    1
     0    0    0    0    0    0
     0    0    0    0    0    0
holdout_right
     0    0    0    0    1    0
     0    0    2    1    1    0
     0    0    0    0    0    0
     0    0    0    0    0    0
final_rt_inliers_left
     0    0    0    0    0    2
     0    0    0    6   11    0
     0    0    0    1    0    0
     0    0    0    0    0    0
final_rt_inliers_right
     0    0    0    0    2    0
     0    0    7   10    0    0
     0    0    1    0    0    0
     0    0    0    0    0    0

[MATCH_TABLE]
index,left_x,left_y,right_x,right_y,essential_inlier,recoverpose_inlier,optimization_used,holdout,final_rt_inlier,final_epipolar_px
1,1362.063843,647.119690,32.169071,297.263092,0,0,0,0,0,316.515508
2,1654.607300,381.288666,1359.032593,384.336853,1,1,0,1,0,2.044092
3,1158.833496,150.729523,1493.725708,570.814148,0,0,0,0,0,388.026909
4,1791.000488,53.849144,1565.622314,67.474457,0,0,0,0,0,2.627928
5,1824.001099,61.828358,1592.181152,78.047356,1,1,1,0,1,0.168592
6,1614.875244,399.966217,1301.124268,390.443207,0,0,0,0,0,13.705356
7,67.633888,418.816467,1504.620728,684.398926,0,0,0,0,0,191.109339
8,1270.289795,625.098633,874.047424,629.021606,1,1,1,0,1,0.575494
9,1421.036987,504.187317,1061.705933,506.249908,1,1,1,0,1,0.433927
10,33.287483,591.683533,123.077599,106.040527,0,0,0,0,0,507.469887
11,1150.319580,572.235840,96.627495,881.973938,0,0,0,0,0,321.944605
12,1177.967285,669.146790,1451.356567,558.299561,0,0,0,0,0,137.280389
13,1301.098389,212.528824,1503.623779,553.884583,0,0,0,0,0,315.271400
14,1364.112305,465.123718,1011.027466,469.979523,0,0,0,0,0,2.085751
15,904.058289,538.739746,510.525818,543.903503,0,0,0,0,0,0.638445
16,1837.712524,46.672958,1603.839233,65.974037,0,0,0,0,0,2.727910
17,1366.557983,376.225739,1040.098633,379.620056,1,1,1,0,1,0.250278
18,1135.898560,204.286041,1105.660034,201.313782,0,0,0,0,0,19.512081
19,1604.612305,381.304688,1301.124268,390.443207,0,0,0,0,0,4.445157
20,1814.550415,52.792393,1586.914062,70.180145,1,1,0,1,1,0.968145
21,1331.504150,454.471161,973.912109,458.456055,1,1,1,0,1,1.352657
22,1362.175415,331.343506,1043.622681,335.198242,1,1,1,0,1,0.175576
23,1849.121460,781.117798,1642.527832,58.449612,0,0,0,0,0,733.470173
24,25.505335,886.858826,7.116729,226.716309,0,0,0,0,0,687.199939
25,1312.879761,354.850311,984.763916,354.588470,0,0,0,0,0,3.795884
26,1479.119629,498.918274,1124.746826,501.065948,1,1,1,0,1,0.297689
27,1366.557983,376.225739,1040.098633,379.620056,1,1,1,0,1,0.250278
28,1240.119995,384.008881,893.292236,387.131836,1,1,0,1,1,0.294491
29,1427.154785,485.282593,1069.413574,487.955750,1,1,1,0,1,0.204412
30,1751.281982,551.729492,832.138184,617.831299,0,0,0,0,0,84.674473
31,1277.439331,230.310242,1025.776489,330.081329,0,0,0,0,0,92.811270
32,1271.421997,311.022247,943.462708,314.669220,1,1,1,0,1,0.189839
33,1565.107300,266.249481,780.936218,284.287994,0,0,0,0,0,33.442821
34,1315.340332,404.638947,969.396606,407.156311,1,1,1,0,1,0.388650
35,1603.845459,448.323395,1279.696045,455.627686,0,0,0,0,0,3.928218
36,1241.931152,373.282562,898.786621,375.649658,1,1,1,0,1,0.558626
37,1392.958618,499.661316,99.405052,524.341980,0,0,0,0,0,55.880149
38,190.402573,873.887878,232.474365,876.716125,0,0,0,0,0,36.185274
39,1233.762451,368.985901,890.802307,372.512360,1,1,0,1,1,0.609889
40,1307.614868,408.720184,958.934326,411.534698,1,1,1,0,1,0.003891
41,1281.136475,345.133575,939.997009,358.502014,0,0,0,0,0,10.398459
42,1522.990967,471.623108,1181.669434,475.037109,0,0,0,0,0,0.613598
43,1249.170288,377.676361,902.580994,383.114044,0,0,0,0,0,2.623334
44,1241.931152,373.282562,898.786621,375.649658,1,1,1,0,1,0.558626
45,1275.583740,453.368042,913.657410,455.187317,0,0,0,0,0,0.774669
46,1319.686523,391.129547,975.942810,394.434479,1,1,1,0,1,0.348612
47,1252.928345,453.798065,890.644714,455.537628,0,0,0,0,0,0.903143
48,1570.574219,520.289001,1350.896973,501.961609,0,0,0,0,0,25.434601
49,1577.749268,425.448151,1257.797729,426.420685,0,0,0,0,0,2.745011
50,1218.192993,317.201416,889.600037,320.939484,1,1,1,0,1,0.416508
51,1313.632935,353.960632,982.322876,356.390533,1,1,0,1,1,0.975014
52,1588.478027,471.986786,1251.109253,477.950195,0,0,0,0,0,3.177103
