=== RT SIFT DIAGNOSTICS ===
This report describes the selected best frame pair only.
Coordinates are undistorted display pixels: frame_B/UI-left -> frame_A/UI-right.

[SELECTED_PAIR]
video=D:\Lightglue\lg_env\HBVCAM_4M2214HD-2-v11\video_20260729_104601.mp4
frame_left_B=1
frame_right_A=0
shared_markers=1
baseline_mm=61.302672
rt_sift_role=final_rt
rt_sift_applied=True
rt_reliable=True

[PIPELINE_COUNTS]
left_keypoint_count=789
right_keypoint_count=788
left_descriptor_count=789
right_descriptor_count=788
knn_pair_count=789
ratio_pass_count=66
mutual_pass_count=59
spatially_balanced_count=54
essential_ransac_inlier_count=22
recoverpose_inlier_count=22
final_rt_sift_point_count=17
final_rt_feature_inlier_count=21
final_rt_feature_outlier_count=33

[FEATURE_QUALITY]
match_count=54
essential_inlier_count=22
inlier_count=22
inlier_ratio=0.4074074074074074
grid_coverage=0.16666666666666666
hull_coverage=0.036285920041480964
parallax_deg=21.870639808069114
homography_ratio=0.2222222222222222
planar_degenerate=False
model_epi_px=0.34297909515188274
quality_penalty=0.09726113317777973
quality_ok=True
strong=False
marker_rt_feature_epi_px=3.3069587809200134
final_feature_epi_px=0.4846060334158133
final_feature_inlier_p90_px=0.8793919572116831
final_feature_all_p90_px=411.79154347386793
final_feature_holdout_median_px=0.6739747556165805
marker_bidir_rms_px=0.23876290032457964
marker_left_to_right_rms_px=0.2895328556837072
marker_right_to_left_rms_px=0.17374167785090572
marker_bidir_max_px=0.40269728591604875
marker_pnp_self_reproj_px=0.1603892594575882
joint_solution_role=joint_from_marker_w12
feature_rot_agreement_deg=2.120549613138466
pair_score=0.6126360241797152
combined_score=0.3169870239373944
sharpness_min=91.98730987962428
marker_coverage=0.00036439835751850665

[ACTIVE_THRESHOLDS]
sift_max_keypoints=800
sift_contrast_threshold=0.01
match_ratio=0.75
ransac_threshold_px=0.75
min_matches=11
min_inlier_ratio=0.28
min_grid_coverage=0.16666666666666666
min_hull_coverage=0.02
min_parallax_deg=1.0
strong_inliers=40
strong_grid_coverage=0.25

final_feature_inlier_px=1.5
final_feature_p90_max_px=1.25
marker_bidir_rms_max_px=1.5
marker_bidir_point_max_px=2.0

[FINAL_RT_LEFT_TO_RIGHT]
R0=0.999899906843 -0.00131820005002 -0.0140868251957
R1=0.00138872446415 0.999986546625 0.00499780082276
R2=0.0140800475791 -0.00501686329587 0.999888285431
t_mm=-61.3002669604 -0.181403956735 -0.511806081527

[GRID_COUNTS_6x4]
raw_keypoints_left
    35  167  357    0    0    0
    81   79   70    0    0    0
     0    0    0    0    0    0
     0    0    0    0    0    0
raw_keypoints_right
    65  458   55    0    0    0
    61  149    0    0    0    0
     0    0    0    0    0    0
     0    0    0    0    0    0
balanced_candidates_left
     0    0    6    0    5    1
     0    0    0    4   22    4
     0    0    2    1    7    0
     2    0    0    0    0    0
balanced_candidates_right
     0    4    1    4    1    0
     0    0    6   24    4    0
     2    0    5    2    0    0
     1    0    0    0    0    0
essential_inliers_left
     0    0    0    0    4    0
     0    0    0    1   14    1
     0    0    0    0    2    0
     0    0    0    0    0    0
essential_inliers_right
     0    0    0    4    0    0
     0    0    2   14    0    0
     0    0    0    2    0    0
     0    0    0    0    0    0
recoverpose_inliers_left
     0    0    0    0    4    0
     0    0    0    1   14    1
     0    0    0    0    2    0
     0    0    0    0    0    0
recoverpose_inliers_right
     0    0    0    4    0    0
     0    0    2   14    0    0
     0    0    0    2    0    0
     0    0    0    0    0    0
joint_optimization_left
     0    0    0    0    3    0
     0    0    0    1   11    0
     0    0    0    0    2    0
     0    0    0    0    0    0
joint_optimization_right
     0    0    0    3    0    0
     0    0    2   10    0    0
     0    0    0    2    0    0
     0    0    0    0    0    0
holdout_left
     0    0    0    0    1    0
     0    0    0    0    3    1
     0    0    0    0    0    0
     0    0    0    0    0    0
holdout_right
     0    0    0    1    0    0
     0    0    0    4    0    0
     0    0    0    0    0    0
     0    0    0    0    0    0
final_rt_inliers_left
     0    0    0    0    3    0
     0    0    0    1   14    1
     0    0    0    0    2    0
     0    0    0    0    0    0
final_rt_inliers_right
     0    0    0    3    0    0
     0    0    2   14    0    0
     0    0    0    2    0    0
     0    0    0    0    0    0

[MATCH_TABLE]
index,left_x,left_y,right_x,right_y,essential_inlier,recoverpose_inlier,optimization_used,holdout,final_rt_inlier,final_epipolar_px
1,1339.226074,235.653290,1041.710938,241.457489,1,1,0,1,0,1.726793
2,748.991699,177.328323,543.217651,170.175613,0,0,0,0,0,8.809467
3,1646.964355,270.548737,68.024834,642.404480,0,0,0,0,0,370.913052
4,705.902344,185.733749,42.414742,651.107300,0,0,0,0,0,463.174684
5,1865.791382,33.327236,730.212280,590.221252,0,0,0,0,0,554.213188
6,835.177490,129.298019,666.046631,88.090416,0,0,0,0,0,43.306055
7,1712.425415,325.996613,1355.288818,331.715912,0,0,0,0,0,1.018290
8,1307.093506,375.564819,980.608582,376.710358,0,0,0,0,0,2.516720
9,282.972931,981.023132,1460.926636,306.703979,0,0,0,0,0,682.484645
10,793.759216,135.785156,586.920105,135.655624,0,0,0,0,0,1.851594
11,1368.492065,286.385101,1049.647217,288.855682,0,0,0,0,0,1.502968
12,1522.019409,390.609650,1160.918091,393.658936,1,1,1,0,1,0.879392
13,1436.500244,291.906616,1110.636475,296.328125,1,1,1,0,1,0.264823
14,1353.093628,359.051575,1026.926270,362.339783,1,1,1,0,1,0.484606
15,1340.586670,379.727356,1010.690125,384.505676,1,1,1,0,1,1.064352
16,1382.873169,319.099091,1059.123047,323.776001,1,1,0,1,1,0.753230
17,1340.586670,379.727356,1010.690125,384.505676,1,1,1,0,1,1.064352
18,1429.905396,466.072449,1059.807739,468.126007,0,0,0,0,0,1.593791
19,781.197815,103.887650,595.900757,69.743317,0,0,0,0,0,35.729825
20,1407.362793,273.285034,1087.393677,277.489716,1,1,1,0,1,0.065062
21,1487.993896,231.560410,1174.683716,236.392410,1,1,1,0,1,0.175842
22,873.346985,788.323914,1301.354370,268.370697,0,0,0,0,0,525.695890
23,1158.934326,451.681366,819.110229,458.366669,0,0,0,0,0,3.151568
24,1413.872314,346.050598,1085.282104,348.120911,0,0,0,0,0,1.861935
25,1407.029907,650.213196,1379.676514,298.971222,0,0,0,0,0,355.871453
26,1223.118042,424.390625,886.072998,427.402527,1,1,1,0,1,0.520044
27,1444.262451,335.709381,1111.092896,339.086548,1,1,0,1,1,0.641294
28,1299.218872,498.340332,938.929932,501.108429,1,1,1,0,1,0.877272
29,1270.642456,437.254517,931.125366,442.029236,0,0,0,0,0,1.177322
30,1338.567627,506.190582,972.042847,507.266174,0,0,0,0,0,2.565065
31,1086.020752,578.537964,728.360107,567.726807,0,0,0,0,0,14.857189
32,1473.080688,567.735962,1149.259766,523.532104,0,0,0,0,0,47.877402
33,771.754883,106.680656,595.900757,69.743317,0,0,0,0,0,38.522548
34,844.445801,591.380493,203.180588,1028.121948,0,0,0,0,0,429.310897
35,1323.260254,563.017578,940.239868,569.411499,0,0,0,0,0,2.675193
36,1498.067139,245.894424,1179.830933,251.061371,1,1,1,0,1,0.562435
37,1493.576050,300.153107,1157.685059,304.175262,1,1,1,0,1,0.251342
38,284.764038,948.003296,1394.149414,367.491608,0,0,0,0,0,588.528534
39,1444.347656,458.875458,1074.470947,462.354919,1,1,1,0,1,0.183253
40,1398.859253,282.113983,1075.449097,286.855774,1,1,0,1,1,0.673975
41,1198.463745,453.150818,855.927612,453.653290,0,0,0,0,0,3.049279
42,1375.005005,401.788422,1038.233276,405.469238,1,1,1,0,1,0.053907
43,1477.806030,566.447632,1083.814453,570.687866,1,1,1,0,1,0.698583
44,1416.185303,294.822784,1095.763306,297.469391,0,0,0,0,0,1.458450
45,1388.402100,269.181213,1043.694702,277.872314,0,0,0,0,0,4.721235
46,1594.766602,333.348969,1242.428955,337.796631,1,1,1,0,1,0.091965
47,1412.953369,572.655518,1023.314697,576.527893,1,1,1,0,1,0.249419
48,1605.693970,337.266724,1251.953247,341.331573,1,1,0,1,1,0.295409
49,1343.806396,666.346863,938.437378,665.012390,0,0,0,0,0,5.263061
50,1494.747070,382.294250,1142.626587,380.301758,0,0,0,0,0,5.932977
51,1449.823975,360.340942,1112.731812,362.164154,0,0,0,0,0,2.129528
52,1439.947510,238.209641,1129.879639,242.619781,1,1,1,0,1,0.027431
53,1301.587036,593.722961,915.936035,595.774109,0,0,0,0,0,1.764473
54,1643.980591,371.517792,917.438904,365.976837,0,0,0,0,0,8.572704
