=== RT SIFT DIAGNOSTICS ===
This report describes the selected best frame pair only.
Coordinates are undistorted display pixels: frame_B/UI-left -> frame_A/UI-right.

[SELECTED_PAIR]
video=D:\Lightglue\lg_env\HBVCAM_4M2214HD-2-v11_\model2\video_20260729_112645.mp4
frame_left_B=1
frame_right_A=0
shared_markers=1
baseline_mm=60.874132
rt_sift_role=validation_only
rt_sift_applied=False
rt_reliable=False

[PIPELINE_COUNTS]
left_keypoint_count=717
right_keypoint_count=670
left_descriptor_count=717
right_descriptor_count=670
knn_pair_count=717
ratio_pass_count=52
mutual_pass_count=48
spatially_balanced_count=48
essential_ransac_inlier_count=23
recoverpose_inlier_count=23
final_rt_sift_point_count=0
final_rt_feature_inlier_count=19
final_rt_feature_outlier_count=29

[FEATURE_QUALITY]
match_count=48
essential_inlier_count=23
inlier_count=23
inlier_ratio=0.4791666666666667
grid_coverage=0.125
hull_coverage=0.025734691098732134
parallax_deg=25.16597766965725
homography_ratio=0.3541666666666667
planar_degenerate=False
model_epi_px=0.299080140578335
quality_penalty=0.17849490837975449
quality_ok=False
strong=False
marker_rt_feature_epi_px=0.639581488779771
final_feature_epi_px=0.6328390484825883
final_feature_inlier_p90_px=1.0904876239817178
final_feature_all_p90_px=169.2357006126372
final_feature_holdout_median_px=None
marker_bidir_rms_px=0.08815296951296363
marker_left_to_right_rms_px=0.10865419557421047
marker_right_to_left_rms_px=0.06112411841514126
marker_bidir_max_px=0.11126997004519718
marker_pnp_self_reproj_px=0.0848759114742279
joint_solution_role=marker_only
feature_rot_agreement_deg=3.4124888904253114
pair_score=0.6325983571649727
combined_score=0.32122025549863176
sharpness_min=75.75680795546212
marker_coverage=0.000556128795292296

[ACTIVE_THRESHOLDS]
sift_max_keypoints=800
sift_contrast_threshold=0.01
match_ratio=0.75
ransac_threshold_px=0.75
min_matches=11
min_inlier_ratio=0.28
min_grid_coverage=0.16666666666666666
min_hull_coverage=0.02
min_parallax_deg=1.0
strong_inliers=40
strong_grid_coverage=0.25

final_feature_inlier_px=1.5
final_feature_p90_max_px=1.25
marker_bidir_rms_max_px=1.5
marker_bidir_point_max_px=2.0

[FINAL_RT_LEFT_TO_RIGHT]
R0=0.999951594049 4.94290755742e-05 -0.00983906072252
R1=3.63665172482e-05 0.999961983543 0.00871952676863
R2=0.00983911767444 -0.00871946250402 0.999913577634
t_mm=-60.8587609254 -0.841618912375 -1.07834852501

[GRID_COUNTS_6x4]
raw_keypoints_left
    65   96  246    0    0    0
    80   42  188    0    0    0
     0    0    0    0    0    0
     0    0    0    0    0    0
raw_keypoints_right
    24  329   78    0    0    0
    42  192    5    0    0    0
     0    0    0    0    0    0
     0    0    0    0    0    0
balanced_candidates_left
     0    0    3    0    1    1
     0    2    0    4   23    2
     0    0    1    0   10    0
     0    1    0    0    0    0
balanced_candidates_right
     0    1    1    0    1    0
     0    0    8   23    0    1
     0    1    0   11    1    0
     0    0    0    0    0    0
essential_inliers_left
     0    0    0    0    0    0
     0    0    0    4   14    2
     0    0    0    0    3    0
     0    0    0    0    0    0
essential_inliers_right
     0    0    0    0    0    0
     0    0    5   15    0    0
     0    0    0    3    0    0
     0    0    0    0    0    0
recoverpose_inliers_left
     0    0    0    0    0    0
     0    0    0    4   14    2
     0    0    0    0    3    0
     0    0    0    0    0    0
recoverpose_inliers_right
     0    0    0    0    0    0
     0    0    5   15    0    0
     0    0    0    3    0    0
     0    0    0    0    0    0
joint_optimization_left
     0    0    0    0    0    0
     0    0    0    0    0    0
     0    0    0    0    0    0
     0    0    0    0    0    0
joint_optimization_right
     0    0    0    0    0    0
     0    0    0    0    0    0
     0    0    0    0    0    0
     0    0    0    0    0    0
holdout_left
     0    0    0    0    0    0
     0    0    0    0    0    0
     0    0    0    0    0    0
     0    0    0    0    0    0
holdout_right
     0    0    0    0    0    0
     0    0    0    0    0    0
     0    0    0    0    0    0
     0    0    0    0    0    0
final_rt_inliers_left
     0    0    0    0    0    0
     0    0    0    1   14    2
     0    0    0    0    2    0
     0    0    0    0    0    0
final_rt_inliers_right
     0    0    0    0    0    0
     0    0    2   15    0    0
     0    0    0    2    0    0
     0    0    0    0    0    0

[MATCH_TABLE]
index,left_x,left_y,right_x,right_y,essential_inlier,recoverpose_inlier,optimization_used,holdout,final_rt_inlier,final_epipolar_px
1,410.128876,498.086395,732.930115,385.754608,0,0,0,0,0,124.485720
2,1546.237915,580.685913,1130.212402,583.649292,1,1,0,0,1,0.095286
3,1335.922485,364.036530,978.564636,367.206329,1,1,0,0,1,0.577646
4,1366.234375,353.280701,1011.247620,356.922180,1,1,0,0,1,1.032414
5,1256.061890,400.080444,897.981079,404.189606,1,1,0,0,1,1.385613
6,692.022888,787.107056,1170.752686,745.376770,0,0,0,0,0,55.424931
7,1273.966431,435.521973,905.806458,440.311127,1,1,0,0,0,1.998603
8,1480.580078,359.225067,1121.165649,362.489288,1,1,0,0,1,0.632839
9,1594.105103,556.239746,1183.274292,561.015259,0,0,0,0,0,2.084964
10,1539.209106,393.775208,1167.204102,400.013763,0,0,0,0,0,3.684572
11,790.840515,145.219803,1227.576904,330.309937,0,0,0,0,0,170.121884
12,1583.380249,450.750244,1194.264648,454.040955,0,0,0,0,0,0.814711
13,1601.469482,507.673462,1201.088135,510.050018,1,1,0,0,1,0.167031
14,1388.272583,581.215820,978.368042,582.955322,0,0,0,0,0,1.490490
15,1483.704224,375.602081,1121.100708,378.367188,1,1,0,0,1,0.143130
16,1273.571777,408.955505,911.052856,413.225983,1,1,0,0,0,1.558954
17,1580.485352,440.317261,1193.551025,442.308350,1,1,0,0,1,0.478819
18,1293.834473,358.414185,1199.433838,522.479858,0,0,0,0,0,157.590899
19,1471.717285,595.453125,1058.348511,597.509949,0,0,0,0,0,1.091286
20,1288.844727,348.220947,938.147095,349.901001,0,0,0,0,0,0.919496
21,1569.373169,541.913818,1154.791626,537.463745,0,0,0,0,0,7.026795
22,1381.285156,520.700378,1067.635864,572.764587,0,0,0,0,0,48.047430
23,1538.133057,235.275177,1502.972534,243.976364,0,0,0,0,0,0.428376
24,1488.333008,592.266846,1074.243774,592.571777,0,0,0,0,0,2.770237
25,1571.753662,555.036438,1158.030884,560.384827,0,0,0,0,0,2.658761
26,1514.936279,364.634644,1102.948242,357.672913,0,0,0,0,0,8.836827
27,562.095276,833.688904,1010.396667,587.420593,0,0,0,0,0,260.230120
28,1380.094116,349.526306,1023.886902,353.160431,1,1,0,0,1,1.045195
29,779.829590,170.644836,468.340057,195.746429,0,0,0,0,0,23.401832
30,1490.200073,385.232483,1126.531616,387.950378,1,1,0,0,1,0.085097
31,1274.620239,345.577026,926.870972,349.954437,1,1,0,0,0,1.748418
32,1802.833496,162.475037,1837.950562,390.120056,0,0,0,0,0,217.845722
33,1600.523071,494.802307,1202.639648,497.218170,1,1,0,0,1,0.102829
34,1300.904541,484.784454,919.048828,488.354767,1,1,0,0,1,0.649401
35,1319.303955,363.044495,961.305725,366.683838,1,1,0,0,1,1.068163
36,1282.215576,358.363159,933.311890,361.397583,0,0,0,0,0,0.369958
37,1549.772095,435.003540,1164.438721,438.657898,0,0,0,0,0,1.169908
38,1497.269409,579.055481,1082.517700,582.672974,1,1,0,0,1,0.653631
39,1449.963501,358.919342,1086.713013,362.295135,1,1,0,0,1,0.820694
40,1508.614746,375.366241,1143.454346,378.180725,1,1,0,0,1,0.218852
41,1378.905273,713.103577,1301.605713,551.101440,0,0,0,0,0,168.855908
42,777.315063,192.348557,461.812347,668.834534,0,0,0,0,0,472.300234
43,1338.600342,370.481598,976.708557,374.214539,1,1,0,0,1,1.179785
44,447.515167,400.036530,809.853699,229.843445,0,0,0,0,0,182.953700
45,1556.968750,501.461426,1167.623413,505.018097,1,1,0,0,1,0.863095
46,1311.168457,481.314117,982.421204,375.632629,0,0,0,0,0,108.955294
47,1568.086670,457.479065,1179.306763,459.624695,1,1,0,0,1,0.362470
48,1497.722778,594.020386,1078.798218,599.005859,1,1,0,0,0,1.945932
