=== RT SIFT DIAGNOSTICS ===
This report describes the selected best frame pair only.
Coordinates are undistorted display pixels: frame_B/UI-left -> frame_A/UI-right.

[SELECTED_PAIR]
video=D:\Lightglue\lg_env\HBVCAM_4M2214HD-2-v11_\model2\video_20260729_113715.mp4
frame_left_B=1
frame_right_A=0
shared_markers=1
baseline_mm=58.171319
rt_sift_role=validation_only
rt_sift_applied=False
rt_reliable=False

[PIPELINE_COUNTS]
left_keypoint_count=720
right_keypoint_count=568
left_descriptor_count=720
right_descriptor_count=568
knn_pair_count=720
ratio_pass_count=57
mutual_pass_count=48
spatially_balanced_count=48
essential_ransac_inlier_count=23
recoverpose_inlier_count=23
final_rt_sift_point_count=0
final_rt_feature_inlier_count=7
final_rt_feature_outlier_count=41

[FEATURE_QUALITY]
match_count=48
essential_inlier_count=23
inlier_count=23
inlier_ratio=0.4791666666666667
grid_coverage=0.20833333333333334
hull_coverage=0.09056152731386029
parallax_deg=20.235918233744922
homography_ratio=0.25
planar_degenerate=False
model_epi_px=0.41232491185710224
quality_penalty=0.04166666666666666
quality_ok=True
strong=False
marker_rt_feature_epi_px=2.628062042925392
final_feature_epi_px=1.0035467053427403
final_feature_inlier_p90_px=1.2645335144186343
final_feature_all_p90_px=68.27731447862499
final_feature_holdout_median_px=3.808588081807187
marker_bidir_rms_px=0.07250129300336616
marker_left_to_right_rms_px=0.07181059259664208
marker_right_to_left_rms_px=0.07318547509744672
marker_bidir_max_px=0.0738193533758019
marker_pnp_self_reproj_px=0.07249090075492859
joint_solution_role=marker_only
feature_rot_agreement_deg=1.0038604927699444
pair_score=0.5875258872479465
combined_score=0.2892111612529086
sharpness_min=82.10725641319368
marker_coverage=0.0004943815478821498

[ACTIVE_THRESHOLDS]
sift_max_keypoints=800
sift_contrast_threshold=0.01
match_ratio=0.75
ransac_threshold_px=0.75
min_matches=11
min_inlier_ratio=0.28
min_grid_coverage=0.16666666666666666
min_hull_coverage=0.02
min_parallax_deg=1.0
strong_inliers=40
strong_grid_coverage=0.25

final_feature_inlier_px=1.5
final_feature_p90_max_px=1.25
marker_bidir_rms_max_px=1.5
marker_bidir_point_max_px=2.0

[FINAL_RT_LEFT_TO_RIGHT]
R0=0.999726097527 0.00113874383667 -0.0233759103559
R1=-0.00101507115238 0.999985430231 0.0053017881083
R2=0.0233816071528 -0.00527660772316 0.999712687655
t_mm=-58.1354854435 -0.614666395163 1.94676859287

[GRID_COUNTS_6x4]
raw_keypoints_left
    59  195  197    0    0    0
    47  128   94    0    0    0
     0    0    0    0    0    0
     0    0    0    0    0    0
raw_keypoints_right
    15  279   35    0    0    0
    68  131   40    0    0    0
     0    0    0    0    0    0
     0    0    0    0    0    0
balanced_candidates_left
     0    1    0    0    2    0
     0    0    0    7   14    0
     2    1    4   13    3    1
     0    0    0    0    0    0
balanced_candidates_right
     0    0    0    2    0    0
     0    0    9   11    0    0
     2    8   10    4    2    0
     0    0    0    0    0    0
essential_inliers_left
     0    0    0    0    2    0
     0    0    0    4    6    0
     0    0    0    9    2    0
     0    0    0    0    0    0
essential_inliers_right
     0    0    0    2    0    0
     0    0    4    6    0    0
     0    2    7    2    0    0
     0    0    0    0    0    0
recoverpose_inliers_left
     0    0    0    0    2    0
     0    0    0    4    6    0
     0    0    0    9    2    0
     0    0    0    0    0    0
recoverpose_inliers_right
     0    0    0    2    0    0
     0    0    4    6    0    0
     0    2    7    2    0    0
     0    0    0    0    0    0
joint_optimization_left
     0    0    0    0    2    0
     0    0    0    3    5    0
     0    0    0    6    2    0
     0    0    0    0    0    0
joint_optimization_right
     0    0    0    2    0    0
     0    0    3    5    0    0
     0    1    5    2    0    0
     0    0    0    0    0    0
holdout_left
     0    0    0    0    0    0
     0    0    0    1    1    0
     0    0    0    3    0    0
     0    0    0    0    0    0
holdout_right
     0    0    0    0    0    0
     0    0    1    1    0    0
     0    1    2    0    0    0
     0    0    0    0    0    0
final_rt_inliers_left
     0    0    0    0    2    0
     0    0    0    1    4    0
     0    0    0    0    0    0
     0    0    0    0    0    0
final_rt_inliers_right
     0    0    0    2    0    0
     0    0    1    4    0    0
     0    0    0    0    0    0
     0    0    0    0    0    0

[MATCH_TABLE]
index,left_x,left_y,right_x,right_y,essential_inlier,recoverpose_inlier,optimization_used,holdout,final_rt_inlier,final_epipolar_px
1,167.518326,661.901978,464.151672,625.828369,0,0,0,0,0,54.721503
2,1598.857178,386.178497,669.173218,479.877197,0,0,0,0,0,99.907542
3,1563.775146,461.734955,692.922485,463.896881,0,0,0,0,0,8.930476
4,878.496094,596.835449,1353.831787,602.077942,0,0,0,0,0,9.765500
5,392.211975,229.141174,175.836197,667.980225,0,0,0,0,0,434.630724
6,1390.724243,449.001770,1046.998657,452.713928,0,0,0,0,0,3.398439
7,999.808960,571.011475,652.735413,574.851196,1,1,0,1,0,3.808588
8,1022.649048,458.854858,115.874214,737.759949,0,0,0,0,0,289.039586
9,895.633789,737.040894,502.779633,746.988953,0,0,0,0,0,10.971232
10,1441.702026,449.475708,1102.794067,450.790833,0,0,0,0,0,1.014189
11,695.846802,792.585388,570.176025,799.153320,0,0,0,0,0,1.330461
12,1407.047241,286.089966,1107.554443,290.511749,1,1,0,0,1,0.640493
13,1454.074463,328.402954,1141.973877,332.076782,1,1,0,0,1,0.713447
14,1427.843262,474.178162,1079.123047,477.620941,0,0,0,0,0,3.739476
15,909.964111,724.392456,520.996094,733.101868,0,0,0,0,0,9.727313
16,1449.124268,316.485565,1140.211060,319.732025,1,1,0,0,1,0.024407
17,1008.916016,713.824646,633.653076,718.599609,1,1,0,0,0,6.329201
18,1008.916016,713.824646,633.653076,718.599609,1,1,0,1,0,6.329201
19,1628.006348,614.209595,610.007141,621.237610,0,0,0,0,0,23.397730
20,1115.208008,691.049622,747.731689,694.782349,1,1,0,0,0,5.846295
21,1042.608032,581.862610,696.802246,588.179749,0,0,0,0,0,6.582059
22,1246.756104,398.518921,913.587036,399.945801,0,0,0,0,0,0.021460
23,1064.098022,556.919067,714.215759,576.955261,0,0,0,0,0,20.326796
24,1245.322998,321.885895,935.670654,325.819000,1,1,0,0,1,1.151062
25,1064.255981,712.534485,692.347900,716.792847,1,1,0,0,0,6.220922
26,1412.803345,492.613342,1063.087646,493.648956,0,0,0,0,0,1.637458
27,1235.054688,464.647736,886.948486,466.747986,1,1,0,0,0,1.788518
28,1475.270020,413.688263,1144.068359,416.998505,1,1,0,1,0,2.260290
29,1306.710205,164.540161,1048.786987,171.214386,1,1,0,0,1,1.003547
30,1465.491211,418.349396,1132.235718,420.733643,1,1,0,0,1,1.434741
31,1477.007690,397.363831,1149.897339,400.958710,1,1,0,0,0,2.169014
32,1536.331421,671.144958,1181.400269,673.875122,1,1,0,0,0,7.521701
33,1309.593506,495.156464,954.941467,499.855072,0,0,0,0,0,5.152711
34,1064.255981,712.534485,692.347900,716.792847,1,1,0,1,0,6.220922
35,1073.220459,635.271667,717.373352,639.648499,1,1,0,0,0,5.443368
36,1567.648682,619.374207,1223.904175,621.981567,1,1,0,0,0,6.322728
37,1255.425781,455.318054,907.803833,458.075317,1,1,0,0,0,2.347201
38,1306.710205,164.540161,1048.786987,171.214386,1,1,0,0,1,1.003547
39,1454.030273,433.855103,1115.609375,437.556274,0,0,0,0,0,3.124711
40,1252.920166,407.790436,916.221558,411.668549,1,1,0,1,0,2.628081
41,1222.155518,425.658569,882.425598,423.987518,0,0,0,0,0,2.692813
42,1115.208008,691.049622,747.731689,694.782349,1,1,0,0,0,5.846295
43,1327.820923,746.767517,889.599548,722.783203,0,0,0,0,0,17.915690
44,1124.003662,700.278564,750.991150,705.527405,1,1,0,0,0,7.649653
45,1198.841431,726.920288,1476.811646,629.212280,0,0,0,0,0,108.268041
46,238.214584,781.883240,1056.676514,703.087402,0,0,0,0,0,113.006303
47,455.482605,761.733643,468.149384,779.111755,0,0,0,0,0,3.668133
48,1260.736816,610.677979,1107.661865,573.869385,0,0,0,0,0,38.601394
