=== RT SIFT DIAGNOSTICS ===
This report describes the selected best frame pair only.
Coordinates are undistorted display pixels: frame_B/UI-left -> frame_A/UI-right.

[SELECTED_PAIR]
video=D:\Lightglue\lg_env\HBVCAM_4M2214HD-2-v11_\model2\video_20260729_112903.mp4
frame_left_B=1
frame_right_A=0
shared_markers=1
baseline_mm=59.561209
rt_sift_role=final_rt
rt_sift_applied=True
rt_reliable=True

[PIPELINE_COUNTS]
left_keypoint_count=658
right_keypoint_count=503
left_descriptor_count=658
right_descriptor_count=503
knn_pair_count=658
ratio_pass_count=60
mutual_pass_count=50
spatially_balanced_count=50
essential_ransac_inlier_count=28
recoverpose_inlier_count=28
final_rt_sift_point_count=22
final_rt_feature_inlier_count=27
final_rt_feature_outlier_count=23

[FEATURE_QUALITY]
match_count=50
essential_inlier_count=28
inlier_count=28
inlier_ratio=0.56
grid_coverage=0.20833333333333334
hull_coverage=0.10458959663214
parallax_deg=22.48661924943683
homography_ratio=0.54
planar_degenerate=False
model_epi_px=0.4787379265418573
quality_penalty=0.04166666666666666
quality_ok=True
strong=False
marker_rt_feature_epi_px=5.495193766384745
final_feature_epi_px=0.7160805940051633
final_feature_inlier_p90_px=1.1679846040667587
final_feature_all_p90_px=76.940597912573
final_feature_holdout_median_px=0.761809691752239
marker_bidir_rms_px=0.4272722363414533
marker_left_to_right_rms_px=0.40763710882332566
marker_right_to_left_rms_px=0.4460438491971542
marker_bidir_max_px=0.6255284399496176
marker_pnp_self_reproj_px=0.10105609893798828
joint_solution_role=joint_from_marker_w12
feature_rot_agreement_deg=2.0463051347285823
pair_score=0.641211839935286
combined_score=0.37144268033070316
sharpness_min=81.5263454689048
marker_coverage=0.00042206377094794055

[ACTIVE_THRESHOLDS]
sift_max_keypoints=800
sift_contrast_threshold=0.01
match_ratio=0.75
ransac_threshold_px=0.75
min_matches=11
min_inlier_ratio=0.28
min_grid_coverage=0.16666666666666666
min_hull_coverage=0.02
min_parallax_deg=1.0
strong_inliers=40
strong_grid_coverage=0.25

final_feature_inlier_px=1.5
final_feature_p90_max_px=1.25
marker_bidir_rms_max_px=1.5
marker_bidir_point_max_px=2.0

[FINAL_RT_LEFT_TO_RIGHT]
R0=0.999832493482 0.00282080670714 -0.018083916257
R1=-0.00268425613585 0.999967738573 0.00757077153519
R2=0.0181046885272 -0.00752096151844 0.999807809227
t_mm=-59.5428731781 -0.476576232138 -1.39883411566

[GRID_COUNTS_6x4]
raw_keypoints_left
     0   69  172    0    0    0
     8  124  285    0    0    0
     0    0    0    0    0    0
     0    0    0    0    0    0
raw_keypoints_right
    17  151   55    0    0    0
    29  208   43    0    0    0
     0    0    0    0    0    0
     0    0    0    0    0    0
balanced_candidates_left
     0    0    0    0    0    1
     0    0    1    2   22    0
     0    0    1    5   18    0
     0    0    0    0    0    0
balanced_candidates_right
     0    1    0    0    1    0
     0    1    2   24    1    0
     0    3    1   16    0    0
     0    0    0    0    0    0
essential_inliers_left
     0    0    0    0    0    1
     0    0    1    1   14    0
     0    0    0    0   11    0
     0    0    0    0    0    0
essential_inliers_right
     0    1    0    0    0    0
     0    1    1   14    0    0
     0    0    0   11    0    0
     0    0    0    0    0    0
recoverpose_inliers_left
     0    0    0    0    0    1
     0    0    1    1   14    0
     0    0    0    0   11    0
     0    0    0    0    0    0
recoverpose_inliers_right
     0    1    0    0    0    0
     0    1    1   14    0    0
     0    0    0   11    0    0
     0    0    0    0    0    0
joint_optimization_left
     0    0    0    0    0    1
     0    0    1    1   11    0
     0    0    0    0    8    0
     0    0    0    0    0    0
joint_optimization_right
     0    1    0    0    0    0
     0    1    1   11    0    0
     0    0    0    8    0    0
     0    0    0    0    0    0
holdout_left
     0    0    0    0    0    0
     0    0    0    0    3    0
     0    0    0    0    3    0
     0    0    0    0    0    0
holdout_right
     0    0    0    0    0    0
     0    0    0    3    0    0
     0    0    0    3    0    0
     0    0    0    0    0    0
final_rt_inliers_left
     0    0    0    0    0    1
     0    0    1    1   14    0
     0    0    0    0   10    0
     0    0    0    0    0    0
final_rt_inliers_right
     0    1    0    0    0    0
     0    1    1   14    0    0
     0    0    0   10    0    0
     0    0    0    0    0    0

[MATCH_TABLE]
index,left_x,left_y,right_x,right_y,essential_inlier,recoverpose_inlier,optimization_used,holdout,final_rt_inlier,final_epipolar_px
1,1427.621460,427.215363,1108.115234,430.444366,1,1,0,1,1,0.164212
2,1527.693970,618.911621,1174.127808,621.502686,1,1,1,0,1,0.786131
3,1276.433472,491.639984,951.276062,494.848938,1,1,1,0,1,0.983113
4,1442.120239,434.505432,1122.051636,438.105988,1,1,1,0,1,0.238725
5,1460.440063,434.793152,1138.288818,438.017487,1,1,1,0,1,0.065861
6,1464.051880,431.309479,1145.807129,436.398834,0,0,0,0,0,1.785443
7,1338.458984,420.891693,1024.120239,424.628662,1,1,0,1,1,0.065501
8,1380.857910,639.291748,1024.822632,643.121216,1,1,1,0,1,0.716151
9,1510.608398,664.663208,1152.804199,670.495178,0,0,0,0,0,2.094090
10,1446.448975,447.377258,1125.000000,451.005707,1,1,1,0,1,0.262048
11,1412.045776,424.503784,1092.252441,428.129425,1,1,1,0,1,0.195327
12,1383.879150,656.331116,1026.279785,659.971802,1,1,1,0,1,1.016449
13,1430.202271,399.657440,1114.494751,401.845551,0,0,0,0,0,1.173665
14,1350.305664,398.058807,1042.384155,400.882202,0,0,0,0,0,0.788155
15,1316.906494,419.805145,1001.804932,424.244965,1,1,0,1,1,0.716081
16,1302.686157,428.330994,981.311035,436.582642,0,0,0,0,0,4.484922
17,1399.501587,353.021515,1091.798828,358.832031,0,0,0,0,0,2.383839
18,1462.482422,380.400909,1150.832886,383.800598,1,1,1,0,1,0.092482
19,1321.205078,438.376801,1004.105774,442.647186,1,1,1,0,1,0.491968
20,1445.953125,420.075714,1129.392212,427.228760,0,0,0,0,0,3.800203
21,1369.131836,776.722412,1041.931885,744.553406,0,0,0,0,0,37.866741
22,1495.647705,681.542236,1131.839478,685.554749,1,1,1,0,1,0.062333
23,1335.886841,414.115906,1023.346313,417.944824,1,1,1,0,1,0.161981
24,1500.519897,664.091431,1141.110107,667.087158,1,1,0,1,1,0.807539
25,1534.830566,610.587952,1182.330078,612.785461,1,1,1,0,1,1.097306
26,939.564087,692.802002,615.651062,696.892761,0,0,0,0,0,4.662378
27,925.873840,492.595856,636.569946,498.180939,1,1,1,0,1,0.372914
28,1383.879150,656.331116,1210.819214,542.208069,0,0,0,0,0,118.907869
29,1081.586548,706.718445,547.719849,788.156189,0,0,0,0,0,72.910669
30,1500.519897,664.091431,1141.110107,667.087158,1,1,1,0,1,0.807539
31,1231.746216,761.365662,1514.984375,84.743942,0,0,0,0,0,686.241987
32,1081.586548,706.718445,547.719849,788.156189,0,0,0,0,0,72.910669
33,1509.485962,638.810608,1152.251953,640.424438,0,0,0,0,0,1.978833
34,1417.572510,673.406616,1058.034058,676.466797,1,1,1,0,1,1.464785
35,1400.883179,414.880920,1083.768677,417.691162,0,0,0,0,0,0.646343
36,1306.688477,573.788391,966.079895,576.017944,1,1,0,1,0,2.328236
37,1374.303345,642.068909,1018.138672,645.708069,1,1,1,0,1,0.976046
38,1411.404541,500.043365,1079.419922,502.907654,1,1,1,0,1,0.742243
39,1100.915283,728.203735,996.778748,399.188599,0,0,0,0,0,335.836264
40,1303.719360,657.152954,924.975952,548.666260,0,0,0,0,0,113.209954
41,1091.119995,705.292358,1590.561035,466.255981,0,0,0,0,0,247.956500
42,1411.404541,500.043365,1079.419922,502.907654,1,1,1,0,1,0.742243
43,1366.338745,535.264282,1038.001587,539.590515,1,1,1,0,1,0.305760
44,1378.302856,647.989441,1021.339783,651.346497,1,1,0,1,1,1.274003
45,1472.173462,573.249390,974.283936,515.404541,0,0,0,0,0,60.590299
46,1449.186035,564.890808,1119.352661,566.873352,0,0,0,0,0,1.722195
47,1168.680298,380.288177,875.019592,372.284424,0,0,0,0,0,12.023021
48,1298.442749,519.803528,967.518311,520.951416,0,0,0,0,0,3.095074
49,1846.164551,48.929546,461.975739,36.173122,1,1,1,0,1,0.356674
50,1306.893433,524.071045,974.941650,526.906006,1,1,1,0,1,1.396123
