=== RT SIFT DIAGNOSTICS ===
This report describes the selected best frame pair only.
Coordinates are undistorted display pixels: frame_B/UI-left -> frame_A/UI-right.

[SELECTED_PAIR]
video=D:\Lightglue\lg_env\HBVCAM_4M2214HD-2-v11_\model2\video_20260729_114113.mp4
frame_left_B=1
frame_right_A=0
shared_markers=1
baseline_mm=59.860626
rt_sift_role=final_rt
rt_sift_applied=True
rt_reliable=True

[PIPELINE_COUNTS]
left_keypoint_count=778
right_keypoint_count=676
left_descriptor_count=778
right_descriptor_count=676
knn_pair_count=778
ratio_pass_count=84
mutual_pass_count=65
spatially_balanced_count=65
essential_ransac_inlier_count=24
recoverpose_inlier_count=24
final_rt_sift_point_count=19
final_rt_feature_inlier_count=24
final_rt_feature_outlier_count=41

[FEATURE_QUALITY]
match_count=65
essential_inlier_count=24
inlier_count=24
inlier_ratio=0.36923076923076925
grid_coverage=0.25
hull_coverage=0.058155329082647866
parallax_deg=21.809215126170884
homography_ratio=0.24615384615384617
planar_degenerate=False
model_epi_px=0.19140567698745348
quality_penalty=0.0
quality_ok=True
strong=False
marker_rt_feature_epi_px=0.6538964884406655
final_feature_epi_px=0.3365140744261289
final_feature_inlier_p90_px=0.8712670115540242
final_feature_all_p90_px=259.5292135290215
final_feature_holdout_median_px=0.7960382669479353
marker_bidir_rms_px=0.09522881427828074
marker_left_to_right_rms_px=0.07897860684297549
marker_right_to_left_rms_px=0.10908452593671239
marker_bidir_max_px=0.15951715204157596
marker_pnp_self_reproj_px=0.05137027055025101
joint_solution_role=joint_from_marker_w4
feature_rot_agreement_deg=2.327818124907183
pair_score=0.580066470846079
combined_score=0.18199747351135048
sharpness_min=79.81299520932885
marker_coverage=0.00045897896891453717

[ACTIVE_THRESHOLDS]
sift_max_keypoints=800
sift_contrast_threshold=0.01
match_ratio=0.75
ransac_threshold_px=0.75
min_matches=11
min_inlier_ratio=0.28
min_grid_coverage=0.16666666666666666
min_hull_coverage=0.02
min_parallax_deg=1.0
strong_inliers=40
strong_grid_coverage=0.25

final_feature_inlier_px=1.5
final_feature_p90_max_px=1.25
marker_bidir_rms_max_px=1.5
marker_bidir_point_max_px=2.0

[FINAL_RT_LEFT_TO_RIGHT]
R0=0.99989604656 0.00131798434274 -0.0143582377126
R1=-0.00127922129439 0.999995513644 0.00270855766825
R2=0.0143617431331 -0.00268990874093 0.999893246664
t_mm=-59.8600498958 0.248563496161 -0.0849449646248

[GRID_COUNTS_6x4]
raw_keypoints_left
   118  151  228    0    0    0
    76  140   65    0    0    0
     0    0    0    0    0    0
     0    0    0    0    0    0
raw_keypoints_right
    72  276   47    0    0    0
    91  182    8    0    0    0
     0    0    0    0    0    0
     0    0    0    0    0    0
balanced_candidates_left
     2    3    0    1    1    1
     1    3    1   11   22    1
     2    1    2    6    7    0
     0    0    0    0    0    0
balanced_candidates_right
     1    1    1    1    0    0
     0    3   15   18    2    0
     5    1    6    7    1    0
     3    0    0    0    0    0
essential_inliers_left
     0    0    0    0    1    0
     0    0    0    3   11    0
     0    0    1    4    4    0
     0    0    0    0    0    0
essential_inliers_right
     0    0    0    1    0    0
     0    0    6    8    0    0
     0    1    4    4    0    0
     0    0    0    0    0    0
recoverpose_inliers_left
     0    0    0    0    1    0
     0    0    0    3   11    0
     0    0    1    4    4    0
     0    0    0    0    0    0
recoverpose_inliers_right
     0    0    0    1    0    0
     0    0    6    8    0    0
     0    1    4    4    0    0
     0    0    0    0    0    0
joint_optimization_left
     0    0    0    0    1    0
     0    0    0    3    9    0
     0    0    1    2    3    0
     0    0    0    0    0    0
joint_optimization_right
     0    0    0    1    0    0
     0    0    6    6    0    0
     0    1    2    3    0    0
     0    0    0    0    0    0
holdout_left
     0    0    0    0    0    0
     0    0    0    0    2    0
     0    0    0    2    1    0
     0    0    0    0    0    0
holdout_right
     0    0    0    0    0    0
     0    0    0    2    0    0
     0    0    2    1    0    0
     0    0    0    0    0    0
final_rt_inliers_left
     0    0    0    0    1    0
     0    0    0    3   11    0
     0    0    1    4    4    0
     0    0    0    0    0    0
final_rt_inliers_right
     0    0    0    1    0    0
     0    0    6    8    0    0
     0    1    4    4    0    0
     0    0    0    0    0    0

[MATCH_TABLE]
index,left_x,left_y,right_x,right_y,essential_inlier,recoverpose_inlier,optimization_used,holdout,final_rt_inlier,final_epipolar_px
1,412.398102,486.282135,484.082520,485.773041,0,0,0,0,0,4.215866
2,426.799835,588.757385,274.092346,856.184937,0,0,0,0,0,259.692338
3,1686.699707,384.019989,885.851013,355.141327,0,0,0,0,0,34.130800
4,1590.691895,282.129913,47.064259,53.597809,0,0,0,0,0,238.069165
5,961.898376,127.082207,780.902771,87.294411,0,0,0,0,0,42.376802
6,144.760147,194.293564,471.168335,91.900185,0,0,0,0,0,100.481613
7,1475.665283,354.527893,1157.059692,357.186523,1,1,0,1,1,0.826554
8,540.647156,508.205566,202.418365,837.200317,0,0,0,0,0,321.689847
9,615.145630,146.476883,1394.433838,584.411560,0,0,0,0,0,438.409922
10,943.621155,571.172852,615.247131,575.618530,1,1,1,0,1,0.072528
11,1001.160828,688.652161,647.265015,693.883118,1,1,1,0,1,0.341556
12,1093.558350,761.730225,171.966782,691.205261,0,0,0,0,0,77.605384
13,1404.478516,576.003845,1034.741821,579.935364,1,1,1,0,1,1.005380
14,1497.311646,528.421021,1139.239136,528.921021,0,0,0,0,0,2.235261
15,893.885132,424.066833,596.321838,428.572052,0,0,0,0,0,0.654266
16,1336.638794,354.919128,1023.552368,358.750610,1,1,1,0,1,0.331472
17,1531.919067,516.558411,1176.493896,521.087097,0,0,0,0,0,1.860597
18,1404.477417,569.153076,1037.593506,572.213074,1,1,0,1,1,0.125389
19,1249.343994,430.950531,913.940796,438.671204,0,0,0,0,0,4.222553
20,1030.005981,412.976837,734.429749,406.391449,0,0,0,0,0,10.203108
21,1545.367432,407.756592,1212.764160,411.033691,0,0,0,0,0,0.099980
22,1441.857544,560.719360,1048.798462,554.882935,0,0,0,0,0,8.788705
23,1480.179565,372.422607,1160.430054,376.473419,0,0,0,0,0,0.664257
24,1309.238892,549.768372,952.890442,558.109619,0,0,0,0,0,5.068223
25,1285.730713,423.549957,955.051331,426.732666,1,1,1,0,1,0.257302
26,134.027039,631.113159,249.540634,806.756409,0,0,0,0,0,167.406192
27,1231.555664,473.460938,887.712463,478.046875,0,0,0,0,0,1.059016
28,1299.132568,403.334381,971.571106,409.317291,0,0,0,0,0,2.533162
29,1294.356323,517.119934,940.613831,520.008240,1,1,1,0,1,0.472802
30,155.835281,635.180969,279.483307,802.072021,0,0,0,0,0,158.832043
31,1512.078735,385.778442,1190.196777,391.796661,0,0,0,0,0,2.726776
32,1251.410522,310.773560,979.544556,306.902069,0,0,0,0,0,7.327985
33,126.041443,229.077698,249.540634,806.756409,0,0,0,0,0,572.768276
34,1242.278931,471.147919,900.927246,474.103668,1,1,1,0,1,0.539594
35,1426.718384,364.931976,1109.974731,369.868774,0,0,0,0,0,1.498200
36,1254.451050,473.843811,912.933655,477.041504,1,1,1,0,1,0.268797
37,1030.063110,602.669128,693.435791,607.071045,1,1,0,1,1,0.072895
38,986.149109,624.214844,645.690063,628.925476,1,1,1,0,1,0.084201
39,1339.981934,362.465332,1025.452759,366.870728,1,1,1,0,1,0.925877
40,1496.001587,392.769592,1177.603027,395.714325,1,1,1,0,1,0.315556
41,1503.402222,548.407410,1140.844849,550.784058,1,1,1,0,1,0.260307
42,1372.916748,530.026245,1011.968445,532.263550,1,1,0,1,1,0.890430
43,1546.186768,461.261444,1200.590576,464.454956,1,1,1,0,1,0.288728
44,1424.084595,565.127991,1057.071533,568.429382,1,1,1,0,1,0.427953
45,625.823547,346.363922,135.979202,663.461304,0,0,0,0,0,311.282372
46,1284.926025,447.088562,944.720032,450.915985,1,1,1,0,1,0.390328
47,910.854126,664.466797,206.404602,825.748474,0,0,0,0,0,153.909235
48,1237.822998,479.766296,895.860718,482.746033,1,1,1,0,1,0.520989
49,1105.062866,387.262543,596.321838,428.572052,0,0,0,0,0,36.905065
50,1059.941162,698.675415,703.039856,704.072571,1,1,0,1,1,0.796038
51,1864.621460,34.317963,1307.155884,290.188629,0,0,0,0,0,249.183112
52,438.239990,211.227188,695.818054,472.083435,0,0,0,0,0,259.529214
53,97.747520,483.855988,732.078796,759.284119,0,0,0,0,0,271.016646
54,1531.299927,263.771973,1247.142944,267.596649,1,1,1,0,1,0.109952
55,1063.860474,425.144684,747.750000,430.768951,0,0,0,0,0,1.930546
56,438.239990,211.227188,695.818054,472.083435,0,0,0,0,0,259.529214
57,1328.905518,378.369202,1010.297485,381.804260,1,1,1,0,1,0.019781
58,1395.187866,519.003174,1039.771240,526.420044,0,0,0,0,0,4.357313
59,1271.779907,483.521393,930.869263,489.667145,0,0,0,0,0,2.735137
60,1457.295776,382.432007,1138.256470,384.994019,1,1,1,0,1,0.788850
61,1293.322266,296.356171,1012.561768,297.315552,0,0,0,0,0,2.587459
62,1257.119629,379.171783,902.970032,400.166046,0,0,0,0,0,17.362947
63,1389.246094,329.867218,1014.011292,585.029297,0,0,0,0,0,251.745779
64,1235.556519,642.165466,1389.942871,507.675323,0,0,0,0,0,135.801834
65,1432.749023,540.426697,1071.963623,544.927002,0,0,0,0,0,1.602742
