=== RT SIFT DIAGNOSTICS ===
This report describes the selected best frame pair only.
Coordinates are undistorted display pixels: frame_B/UI-left -> frame_A/UI-right.

[SELECTED_PAIR]
video=D:\Lightglue\lg_env\HBVCAM_4M2214HD-2-v11_\model1\video_20260728_153820.mp4
frame_left_B=1
frame_right_A=0
shared_markers=1
baseline_mm=57.392973
rt_sift_role=final_rt
rt_sift_applied=True
rt_reliable=True

[PIPELINE_COUNTS]
left_keypoint_count=789
right_keypoint_count=789
left_descriptor_count=789
right_descriptor_count=789
knn_pair_count=789
ratio_pass_count=50
mutual_pass_count=41
spatially_balanced_count=41
essential_ransac_inlier_count=17
recoverpose_inlier_count=16
final_rt_sift_point_count=12
final_rt_feature_inlier_count=14
final_rt_feature_outlier_count=27

[FEATURE_QUALITY]
match_count=41
essential_inlier_count=17
inlier_count=16
inlier_ratio=0.3902439024390244
grid_coverage=0.25
hull_coverage=0.12705706410512668
parallax_deg=16.10378408638937
homography_ratio=0.2682926829268293
planar_degenerate=False
model_epi_px=0.35301004535247027
quality_penalty=0.0
quality_ok=True
strong=False
marker_rt_feature_epi_px=3.083437984831124
final_feature_epi_px=0.2900241066773983
final_feature_inlier_p90_px=1.1504582185950163
final_feature_all_p90_px=235.78935273403022
final_feature_holdout_median_px=0.502920535803427
marker_bidir_rms_px=0.3142142252684357
marker_left_to_right_rms_px=0.32072745244620743
marker_right_to_left_rms_px=0.307563099167394
marker_bidir_max_px=0.544949115729784
marker_pnp_self_reproj_px=0.1634424328804016
joint_solution_role=joint_from_marker_w12
feature_rot_agreement_deg=2.9309049223356465
pair_score=0.6471583757128725
combined_score=0.29172600828449874
sharpness_min=96.22213868394785
marker_coverage=0.0004088383274229048

[ACTIVE_THRESHOLDS]
sift_max_keypoints=800
sift_contrast_threshold=0.01
match_ratio=0.75
ransac_threshold_px=0.75
min_matches=11
min_inlier_ratio=0.28
min_grid_coverage=0.16666666666666666
min_hull_coverage=0.02
min_parallax_deg=1.0
strong_inliers=40
strong_grid_coverage=0.25

final_feature_inlier_px=1.5
final_feature_p90_max_px=1.25
marker_bidir_rms_max_px=1.5
marker_bidir_point_max_px=2.0

[FINAL_RT_LEFT_TO_RIGHT]
R0=0.999703151707 -0.00206248822069 -0.0242766268302
R1=0.00245234779863 0.999868339526 0.0160402494785
R2=0.0242403477324 -0.0160950226902 0.999576588254
t_mm=-57.3423221517 -2.40654301995 -0.141433607008

[GRID_COUNTS_6x4]
raw_keypoints_left
    83   97  476    0    0    0
    60   52   21    0    0    0
     0    0    0    0    0    0
     0    0    0    0    0    0
raw_keypoints_right
    50  357  309    0    0    0
    42   17   14    0    0    0
     0    0    0    0    0    0
     0    0    0    0    0    0
balanced_candidates_left
     0    2    4    1    2    2
     0    0    7    1   15    3
     0    1    1    1    1    0
     0    0    0    0    0    0
balanced_candidates_right
     0    4    3    2    2    1
     0    5    0   16    4    0
     0    0    2    1    0    0
     1    0    0    0    0    0
essential_inliers_left
     0    1    1    0    1    0
     0    0    2    0    9    2
     0    0    1    0    0    0
     0    0    0    0    0    0
essential_inliers_right
     0    1    0    1    0    0
     0    2    0   10    2    0
     0    0    1    0    0    0
     0    0    0    0    0    0
recoverpose_inliers_left
     0    0    1    0    1    0
     0    0    2    0    9    2
     0    0    1    0    0    0
     0    0    0    0    0    0
recoverpose_inliers_right
     0    1    0    1    0    0
     0    2    0   10    1    0
     0    0    1    0    0    0
     0    0    0    0    0    0
joint_optimization_left
     0    0    1    0    1    0
     0    0    1    0    7    1
     0    0    1    0    0    0
     0    0    0    0    0    0
joint_optimization_right
     0    1    0    1    0    0
     0    1    0    7    1    0
     0    0    1    0    0    0
     0    0    0    0    0    0
holdout_left
     0    0    0    0    0    0
     0    0    1    0    2    1
     0    0    0    0    0    0
     0    0    0    0    0    0
holdout_right
     0    0    0    0    0    0
     0    1    0    3    0    0
     0    0    0    0    0    0
     0    0    0    0    0    0
final_rt_inliers_left
     0    0    1    0    1    0
     0    0    2    0    8    2
     0    0    0    0    0    0
     0    0    0    0    0    0
final_rt_inliers_right
     0    1    0    1    0    0
     0    2    0    9    1    0
     0    0    0    0    0    0
     0    0    0    0    0    0

[MATCH_TABLE]
index,left_x,left_y,right_x,right_y,essential_inlier,recoverpose_inlier,optimization_used,holdout,final_rt_inlier,final_epipolar_px
1,804.205017,334.082825,564.205017,337.287750,1,1,0,1,1,0.357963
2,714.163879,481.875366,1747.330811,36.103985,0,0,0,0,0,502.464097
3,764.883179,365.774323,516.607361,369.101654,1,1,1,0,1,0.037859
4,700.086487,493.014252,1288.328857,241.156891,0,0,0,0,0,289.861743
5,1471.840576,756.124939,868.022583,738.183777,0,0,0,0,0,8.064578
6,1572.729980,511.079163,1195.671875,514.477295,1,1,1,0,0,4.009054
7,713.797913,387.257568,503.284454,372.232941,0,0,0,0,0,19.941862
8,762.033142,210.366089,568.495056,212.767532,0,0,0,0,0,2.180970
9,706.686035,226.054382,506.891602,227.250397,0,0,0,0,0,2.815223
10,1815.015381,69.208755,954.019104,104.767288,0,0,0,0,0,47.451264
11,802.596924,327.669617,558.134155,333.872437,0,0,0,0,0,2.864567
12,1462.532593,514.034363,1095.620728,519.602051,0,0,0,0,0,5.791925
13,403.635254,638.690979,532.135376,424.630737,0,0,0,0,0,235.789353
14,1046.861084,555.029663,845.136536,81.602692,0,0,0,0,0,480.298493
15,989.313232,178.880249,815.559265,125.626678,0,0,0,0,0,60.561438
16,1558.619385,296.934631,1247.683350,300.878387,1,1,1,0,1,0.572544
17,846.531372,206.367950,632.141541,203.593567,0,0,0,0,0,7.082718
18,1632.682617,252.831055,1330.094360,257.688049,0,0,0,0,0,1.273928
19,1316.079956,273.038422,1044.414185,275.081909,0,0,0,0,0,2.873207
20,1487.543579,292.655334,1188.851807,293.318481,0,0,0,0,0,4.001742
21,1489.965576,250.549698,1204.152954,255.197220,0,0,0,0,0,1.150185
22,752.327881,183.885391,552.360962,187.293716,1,1,1,0,1,0.743064
23,1527.323608,288.668945,1217.408569,291.702179,1,1,0,1,1,1.454758
24,1298.998413,260.151794,1030.719604,265.312439,1,1,1,0,1,0.107136
25,1444.947021,324.159760,1132.455933,329.192596,0,0,0,0,0,1.602285
26,1666.381470,410.768127,1309.833984,415.462463,0,0,0,0,0,3.226373
27,544.626160,171.818924,1334.783936,308.090851,1,0,0,0,0,91.715354
28,1604.742310,287.395996,1291.389893,292.356964,1,1,1,0,1,0.102540
29,1411.580078,283.770630,1118.800659,288.556549,1,1,1,0,1,0.266690
30,742.215576,358.747070,33.919876,985.647766,0,0,0,0,0,634.709695
31,1489.292969,322.973999,1177.591919,326.760254,1,1,1,0,1,0.064851
32,439.976044,147.503174,1368.841431,328.638824,0,0,0,0,0,131.412471
33,1207.351074,444.631287,1021.083679,588.378601,0,0,0,0,0,136.241154
34,1463.604126,348.107849,1144.900391,352.068756,0,0,0,0,0,0.950157
35,1577.312866,292.757507,1271.721313,298.319580,1,1,0,1,1,0.647878
36,1434.284546,351.853973,1116.007568,354.402985,1,1,1,0,1,0.313358
37,947.880981,714.983154,750.557129,743.387024,1,1,1,0,0,18.400450
38,1471.255615,402.132843,1130.868408,403.896240,1,1,1,0,1,0.141198
39,1434.380493,342.123474,1117.532593,343.820068,1,1,1,0,1,1.325056
40,1604.799927,379.429169,1270.256714,382.256775,1,1,0,1,1,0.230440
41,1457.957397,384.004486,1123.853271,387.333862,0,0,0,0,0,1.334970
