=== RT SIFT DIAGNOSTICS ===
This report describes the selected best frame pair only.
Coordinates are undistorted display pixels: frame_B/UI-left -> frame_A/UI-right.

[SELECTED_PAIR]
video=D:\Lightglue\lg_env\HBVCAM_4M2214HD-2-v11_\model1\video_20260728_151045.mp4
frame_left_B=1
frame_right_A=0
shared_markers=1
baseline_mm=61.622975
rt_sift_role=final_rt
rt_sift_applied=True
rt_reliable=True

[PIPELINE_COUNTS]
left_keypoint_count=700
right_keypoint_count=778
left_descriptor_count=700
right_descriptor_count=778
knn_pair_count=700
ratio_pass_count=82
mutual_pass_count=67
spatially_balanced_count=62
essential_ransac_inlier_count=27
recoverpose_inlier_count=26
final_rt_sift_point_count=20
final_rt_feature_inlier_count=25
final_rt_feature_outlier_count=37

[FEATURE_QUALITY]
match_count=62
essential_inlier_count=27
inlier_count=26
inlier_ratio=0.41935483870967744
grid_coverage=0.20833333333333334
hull_coverage=0.05252634527365399
parallax_deg=17.61314515577202
homography_ratio=0.3064516129032258
planar_degenerate=False
model_epi_px=0.5813915999217636
quality_penalty=0.04166666666666666
quality_ok=True
strong=False
marker_rt_feature_epi_px=0.9521315554134513
final_feature_epi_px=0.3601200473425826
final_feature_inlier_p90_px=0.9048137621144572
final_feature_all_p90_px=245.92397874352847
final_feature_holdout_median_px=0.47100454170870665
marker_bidir_rms_px=0.10092528609744988
marker_left_to_right_rms_px=0.09472028658960782
marker_right_to_left_rms_px=0.10677028639133071
marker_bidir_max_px=0.1766238589349639
marker_pnp_self_reproj_px=0.0609515979886055
joint_solution_role=joint_from_marker_w4
feature_rot_agreement_deg=1.9132872183835687
pair_score=0.5377728452529107
combined_score=0.28401868282399123
sharpness_min=99.67494019668688
marker_coverage=0.0008524286418666892

[ACTIVE_THRESHOLDS]
sift_max_keypoints=800
sift_contrast_threshold=0.01
match_ratio=0.75
ransac_threshold_px=0.75
min_matches=11
min_inlier_ratio=0.28
min_grid_coverage=0.16666666666666666
min_hull_coverage=0.02
min_parallax_deg=1.0
strong_inliers=40
strong_grid_coverage=0.25

final_feature_inlier_px=1.5
final_feature_p90_max_px=1.25
marker_bidir_rms_max_px=1.5
marker_bidir_point_max_px=2.0

[FINAL_RT_LEFT_TO_RIGHT]
R0=0.999944735796 0.00881489621153 -0.00572913251876
R1=-0.00870077537058 0.999769098566 0.0196480548908
R2=0.00590100521846 -0.0195971211616 0.999790543554
t_mm=-61.5569485638 -2.73002387378 -0.824703716066

[GRID_COUNTS_6x4]
raw_keypoints_left
    68  186  256    0    0    0
     1   50  139    0    0    0
     0    0    0    0    0    0
     0    0    0    0    0    0
raw_keypoints_right
    49  307  191    0    0    0
    26  175   30    0    0    0
     0    0    0    0    0    0
     0    0    0    0    0    0
balanced_candidates_left
     2    5    0    1    1   17
     0    0    0    6   24    2
     0    0    0    3    1    0
     0    0    0    0    0    0
balanced_candidates_right
     0    1    1    0   14    3
     0    0    6   24    2    0
     0    0    5    4    0    1
     0    0    0    0    0    1
essential_inliers_left
     0    1    0    0    0   11
     0    0    0    3    9    1
     0    0    0    2    0    0
     0    0    0    0    0    0
essential_inliers_right
     0    0    0    0   11    1
     0    0    3    9    1    0
     0    0    2    0    0    0
     0    0    0    0    0    0
recoverpose_inliers_left
     0    0    0    0    0   11
     0    0    0    3    9    1
     0    0    0    2    0    0
     0    0    0    0    0    0
recoverpose_inliers_right
     0    0    0    0   11    0
     0    0    3    9    1    0
     0    0    2    0    0    0
     0    0    0    0    0    0
joint_optimization_left
     0    0    0    0    0    8
     0    0    0    3    8    0
     0    0    0    1    0    0
     0    0    0    0    0    0
joint_optimization_right
     0    0    0    0    8    0
     0    0    3    8    0    0
     0    0    1    0    0    0
     0    0    0    0    0    0
holdout_left
     0    0    0    0    0    3
     0    0    0    0    1    1
     0    0    0    1    0    0
     0    0    0    0    0    0
holdout_right
     0    0    0    0    3    0
     0    0    0    1    1    0
     0    0    1    0    0    0
     0    0    0    0    0    0
final_rt_inliers_left
     0    0    0    0    0   11
     0    0    0    3    8    1
     0    0    0    2    0    0
     0    0    0    0    0    0
final_rt_inliers_right
     0    0    0    0   11    0
     0    0    3    8    1    0
     0    0    2    0    0    0
     0    0    0    0    0    0

[MATCH_TABLE]
index,left_x,left_y,right_x,right_y,essential_inlier,recoverpose_inlier,optimization_used,holdout,final_rt_inlier,final_epipolar_px
1,1719.779053,288.631073,1528.183105,290.685059,0,0,0,0,0,2.348566
2,1146.302124,428.032196,828.894409,685.898560,0,0,0,0,0,252.920605
3,421.398315,48.706299,824.017212,759.961853,0,0,0,0,0,666.958353
4,1421.952637,340.965485,1159.104736,342.033844,0,0,0,0,0,2.145381
5,382.734680,184.844299,1782.267822,830.996277,0,0,0,0,0,560.282757
6,1254.026367,768.580688,1155.017822,728.530640,0,0,0,0,0,54.388462
7,1667.181152,177.056549,1473.665649,182.323517,1,1,0,1,1,0.530211
8,1610.600586,136.122086,1411.967773,141.942139,0,0,0,0,0,0.627946
9,1795.057983,218.177368,1240.472900,683.574341,0,0,0,0,0,476.267966
10,1661.333496,234.358932,1459.867676,239.101654,1,1,1,0,1,0.088617
11,1707.183838,228.768097,1513.939209,233.003952,1,1,1,0,1,0.717974
12,1744.972168,236.164490,1557.417114,241.321732,1,1,1,0,1,0.280518
13,1368.260376,363.607697,1084.170288,368.815979,0,0,0,0,0,2.524370
14,1635.923584,189.844345,1435.127197,195.004898,1,1,1,0,1,0.345089
15,1758.708008,248.709106,1571.799316,253.835770,1,1,0,1,1,0.444224
16,1610.600586,136.122086,1411.967773,141.942139,0,0,0,0,0,0.627946
17,1361.274414,269.870728,1103.571655,276.315979,0,0,0,0,0,2.285799
18,1073.085205,212.901535,1562.137817,76.603699,0,0,0,0,0,179.360157
19,1424.625732,368.551880,1160.191406,371.997894,1,1,1,0,1,0.360120
20,595.872131,137.158218,825.237366,186.172104,0,0,0,0,0,15.570644
21,1620.840698,183.838623,1415.507202,188.507248,1,1,1,0,1,0.792979
22,1741.660278,225.951202,1554.860229,231.135971,1,1,1,0,1,0.140815
23,1657.606567,173.169724,1465.047607,179.254395,1,1,1,0,1,0.134069
24,1693.404175,147.773819,1510.034180,153.776169,1,1,0,1,1,0.497785
25,1444.241943,487.282257,1160.287720,483.819916,0,0,0,0,0,5.753592
26,1621.419800,153.397110,1424.598633,160.125183,1,1,1,0,1,0.497466
27,1384.464722,385.419006,1099.731445,387.952667,1,1,1,0,1,0.011436
28,1283.210449,497.398346,959.172852,502.494843,0,0,0,0,0,2.906928
29,1765.209961,116.398132,1602.002563,126.073326,0,0,0,0,0,2.183179
30,1236.482788,366.826630,923.572144,369.414459,1,1,1,0,1,0.078283
31,1257.042847,409.308258,939.476196,413.279724,0,0,0,0,0,1.738274
32,1399.796387,447.626038,1108.058594,450.620605,1,1,1,0,1,0.777820
33,1312.532715,305.842224,1024.002563,310.349457,1,1,0,1,0,1.502913
34,1196.484009,487.335815,858.731628,490.038208,0,0,0,0,0,0.359938
35,1343.121094,365.614288,1055.497192,368.554810,1,1,1,0,1,0.206341
36,1382.538818,414.806885,1092.723022,420.223083,0,0,0,0,0,3.051758
37,158.705322,174.792404,1203.779785,678.671753,0,0,0,0,0,431.272440
38,1309.769287,328.129333,1017.491821,333.597748,0,0,0,0,0,2.648138
39,1281.290405,422.403687,964.058655,425.331390,0,0,0,0,0,0.850873
40,1248.222778,353.435883,938.286560,355.085968,1,1,1,0,1,0.876534
41,1372.719482,289.678741,1104.396362,294.308502,1,1,1,0,1,1.128177
42,229.037598,45.132442,841.037537,720.217102,0,0,0,0,0,620.299395
43,1803.785278,191.980255,1795.530640,24.122753,0,0,0,0,0,182.954342
44,473.397125,162.672867,493.570129,99.366165,0,0,0,0,0,87.828394
45,1863.100952,34.023514,1723.562988,802.829529,0,0,0,0,0,759.684738
46,1308.470703,572.988037,974.737366,578.170532,0,0,0,0,0,2.963292
47,1295.379517,448.617218,983.466980,459.306305,0,0,0,0,0,8.369123
48,1311.808716,482.001343,1000.481323,488.332184,0,0,0,0,0,3.969102
49,1291.840454,314.345734,997.246704,318.552826,1,1,1,0,1,1.328855
50,1748.430786,325.133759,1579.651611,329.947784,1,1,0,1,1,0.147964
51,1255.234131,370.414032,944.283752,371.931000,1,1,1,0,1,0.923667
52,575.148682,106.113098,1885.280762,239.834167,1,0,0,0,0,48.564774
53,1306.067139,439.045959,999.976685,445.222412,0,0,0,0,0,3.761311
54,1307.636597,444.667114,1003.881287,421.596069,0,0,0,0,0,25.507510
55,1325.893433,438.207764,1025.540283,442.160706,0,0,0,0,0,1.478029
56,1290.272217,393.200562,989.886719,397.447205,0,0,0,0,0,1.593189
57,1348.018066,325.611084,1064.342896,328.613586,1,1,1,0,1,0.101465
58,1310.023804,388.324463,1015.770264,390.355713,1,1,1,0,1,0.708655
59,1290.272217,393.200562,989.886719,397.447205,0,0,0,0,0,1.593189
60,1351.451538,290.146332,1078.902832,292.722137,0,0,0,0,0,0.897068
61,1226.342407,557.134216,885.778320,559.381104,1,1,1,0,1,0.324432
62,1226.342407,557.134216,885.778320,559.381104,1,1,0,1,1,0.324432
