=== RT SIFT DIAGNOSTICS ===
This report describes the selected best frame pair only.
Coordinates are undistorted display pixels: frame_B/UI-left -> frame_A/UI-right.

[SELECTED_PAIR]
video=D:\Lightglue\lg_env\HBVCAM_4M2214HD-2-v11_\model1\video_20260728_141501.mp4
frame_left_B=1
frame_right_A=0
shared_markers=1
baseline_mm=60.911107
rt_sift_role=final_rt
rt_sift_applied=True
rt_reliable=True

[PIPELINE_COUNTS]
left_keypoint_count=781
right_keypoint_count=791
left_descriptor_count=781
right_descriptor_count=791
knn_pair_count=781
ratio_pass_count=58
mutual_pass_count=55
spatially_balanced_count=50
essential_ransac_inlier_count=24
recoverpose_inlier_count=24
final_rt_sift_point_count=19
final_rt_feature_inlier_count=22
final_rt_feature_outlier_count=28

[FEATURE_QUALITY]
match_count=50
essential_inlier_count=24
inlier_count=24
inlier_ratio=0.48
grid_coverage=0.25
hull_coverage=0.044632905073919156
parallax_deg=31.47706236762344
homography_ratio=0.34
planar_degenerate=False
model_epi_px=0.3557146927296853
quality_penalty=0.0
quality_ok=True
strong=False
marker_rt_feature_epi_px=2.0029659184412605
final_feature_epi_px=0.47045162034363897
final_feature_inlier_p90_px=0.9059886551191035
final_feature_all_p90_px=57.883899628962936
final_feature_holdout_median_px=0.6630430120105577
marker_bidir_rms_px=0.21688940341038732
marker_left_to_right_rms_px=0.264042434975835
marker_right_to_left_rms_px=0.15608849783202924
marker_bidir_max_px=0.43304487183151863
marker_pnp_self_reproj_px=0.11512038856744766
joint_solution_role=joint_from_marker_w12
feature_rot_agreement_deg=11.145868017834761
pair_score=0.5443115954830842
combined_score=0.3769320275578968
sharpness_min=138.00091286108488
marker_coverage=0.0007225980512341693

[ACTIVE_THRESHOLDS]
sift_max_keypoints=800
sift_contrast_threshold=0.01
match_ratio=0.75
ransac_threshold_px=0.75
min_matches=11
min_inlier_ratio=0.28
min_grid_coverage=0.16666666666666666
min_hull_coverage=0.02
min_parallax_deg=1.0
strong_inliers=40
strong_grid_coverage=0.25

final_feature_inlier_px=1.5
final_feature_p90_max_px=1.25
marker_bidir_rms_max_px=1.5
marker_bidir_point_max_px=2.0

[FINAL_RT_LEFT_TO_RIGHT]
R0=0.999942670608 -0.00155540660805 -0.0105941591535
R1=0.00178100880971 0.999771139566 0.0213189234998
R2=0.0105585749752 -0.0213365695896 0.999716593487
t_mm=-60.8307046475 -3.07606362559 -0.571157911913

[GRID_COUNTS_6x4]
raw_keypoints_left
    21   46  467    0    0    0
    57    0  190    0    0    0
     0    0    0    0    0    0
     0    0    0    0    0    0
raw_keypoints_right
    46  391   98    0    0    0
    13  177   66    0    0    0
     0    0    0    0    0    0
     0    0    0    0    0    0
balanced_candidates_left
     0    1    1    2    8    1
     0    0    0    0   22    6
     0    0    0    0    6    3
     0    0    0    0    0    0
balanced_candidates_right
     0    2    0    8    1    0
     0    0    0   24    3    0
     0    0    1    9    1    0
     1    0    0    0    0    0
essential_inliers_left
     0    0    0    0    5    1
     0    0    0    0   13    2
     0    0    0    0    2    1
     0    0    0    0    0    0
essential_inliers_right
     0    0    0    5    1    0
     0    0    0   14    1    0
     0    0    1    2    0    0
     0    0    0    0    0    0
recoverpose_inliers_left
     0    0    0    0    5    1
     0    0    0    0   13    2
     0    0    0    0    2    1
     0    0    0    0    0    0
recoverpose_inliers_right
     0    0    0    5    1    0
     0    0    0   14    1    0
     0    0    1    2    0    0
     0    0    0    0    0    0
joint_optimization_left
     0    0    0    0    5    0
     0    0    0    0   11    1
     0    0    0    0    1    1
     0    0    0    0    0    0
joint_optimization_right
     0    0    0    5    0    0
     0    0    0   11    1    0
     0    0    1    1    0    0
     0    0    0    0    0    0
holdout_left
     0    0    0    0    0    1
     0    0    0    0    2    1
     0    0    0    0    1    0
     0    0    0    0    0    0
holdout_right
     0    0    0    0    1    0
     0    0    0    3    0    0
     0    0    0    1    0    0
     0    0    0    0    0    0
final_rt_inliers_left
     0    0    0    0    5    1
     0    0    0    0   11    2
     0    0    0    0    2    1
     0    0    0    0    0    0
final_rt_inliers_right
     0    0    0    5    1    0
     0    0    0   12    1    0
     0    0    1    2    0    0
     0    0    0    0    0    0

[MATCH_TABLE]
index,left_x,left_y,right_x,right_y,essential_inlier,recoverpose_inlier,optimization_used,holdout,final_rt_inlier,final_epipolar_px
1,1723.584717,465.814575,1361.136841,465.869415,0,0,0,0,0,1.736695
2,1573.969727,312.509827,1234.074829,316.371338,1,1,0,1,1,0.663043
3,1423.319824,439.184631,1074.474609,440.671661,1,1,1,0,1,0.555244
4,1440.054810,421.807892,1095.485718,426.390869,0,0,0,0,0,2.311641
5,1416.516113,413.795929,1068.787964,417.858154,0,0,0,0,0,1.991064
6,1484.834106,279.900299,1157.757690,283.314911,1,1,1,0,1,0.373357
7,1467.176392,331.011810,1139.611694,335.155640,1,1,1,0,1,0.752318
8,1431.348511,184.110489,1123.032715,189.927399,1,1,1,0,1,0.366472
9,1268.184204,177.655334,1411.209351,740.987183,0,0,0,0,0,534.633307
10,1608.379272,342.442169,1262.117065,346.443909,1,1,0,1,1,1.213743
11,1469.043213,554.792725,1101.053467,558.072754,0,0,0,0,0,1.674653
12,1429.754150,405.663391,1084.494751,412.505432,0,0,0,0,0,4.620305
13,1156.836304,141.604004,471.055145,192.703568,0,0,0,0,0,66.521628
14,1427.810181,553.610168,1066.694092,552.079102,0,0,0,0,0,3.442113
15,1458.837891,264.464966,1132.390991,267.405945,0,0,0,0,0,0.903855
16,1386.532349,311.309082,1053.772095,315.121399,1,1,1,0,1,0.834454
17,1393.201294,403.468781,1048.422974,404.218689,1,1,1,0,1,1.421941
18,1477.615479,546.648438,1112.504517,551.098877,0,0,0,0,0,2.753418
19,1431.303467,460.467072,1081.225952,467.067383,0,0,0,0,0,4.557747
20,1549.995117,300.054047,1213.843872,304.360840,1,1,1,0,1,0.908795
21,1427.679321,289.473358,1097.501587,293.116394,1,1,1,0,1,0.281440
22,1469.043213,554.792725,1101.053467,558.072754,0,0,0,0,0,1.674653
23,1482.275513,393.367615,1146.366455,398.138947,1,1,0,1,0,1.967073
24,1596.105835,332.959290,1252.577759,336.195984,0,0,0,0,0,0.287275
25,1462.075195,403.513947,1123.472778,408.805359,0,0,0,0,0,2.676012
26,1685.335815,453.026794,1055.714844,700.070740,0,0,0,0,0,257.250902
27,1483.097534,437.241058,1139.482056,439.984924,1,1,1,0,1,0.354194
28,1386.952026,369.059784,1046.567017,372.545898,0,0,0,0,0,1.074476
29,608.180359,147.227890,96.910408,996.668518,0,0,0,0,0,848.433890
30,1431.348511,184.110489,1123.032715,189.927399,1,1,1,0,1,0.366472
31,1537.282104,214.934143,1214.958008,218.915115,1,1,1,0,1,0.880729
32,1783.966919,633.902222,1055.714844,700.070740,0,0,0,0,0,80.831702
33,1483.170410,577.253723,1105.990356,579.203552,1,1,1,0,1,0.635316
34,1657.869019,520.845947,1288.107300,522.485840,0,0,0,0,0,0.235689
35,1607.620850,373.934174,1255.489014,375.156433,0,0,0,0,0,1.110343
36,1473.571167,616.646851,1098.818115,618.343628,1,1,0,1,1,0.081150
37,1400.887329,487.037231,1044.151855,485.484283,1,1,1,0,0,3.302015
38,1537.282104,214.934143,1214.958008,218.915115,1,1,1,0,1,0.880729
39,1550.368042,288.354828,1215.371826,292.288513,1,1,1,0,1,0.385659
40,1675.252197,309.434204,1337.194702,313.469299,1,1,1,0,1,0.380181
41,1461.561157,452.900299,1108.336304,453.744354,0,0,0,0,0,1.051112
42,1309.252441,225.152618,1024.867065,212.738785,0,0,0,0,0,18.219211
43,873.543579,116.995010,593.137024,65.094139,0,0,0,0,0,56.924152
44,1390.622803,290.748077,1063.353516,291.095703,0,0,0,0,0,3.036293
45,1515.963745,196.662689,1197.902100,202.030365,0,0,0,0,0,0.172761
46,1614.507935,259.230682,1286.076172,262.978607,1,1,0,1,1,0.647198
47,1483.429199,344.850220,1151.204102,348.253143,1,1,1,0,1,0.264117
48,1479.994751,251.955139,1154.159180,255.844696,1,1,1,0,1,0.170918
49,1652.718018,558.497742,1275.068237,561.526428,0,0,0,0,0,1.872831
50,1803.753540,760.226379,928.105469,739.729980,1,1,1,0,1,0.042611
