=== RT SIFT DIAGNOSTICS ===
This report describes the selected best frame pair only.
Coordinates are undistorted display pixels: frame_B/UI-left -> frame_A/UI-right.

[SELECTED_PAIR]
video=D:\Lightglue\lg_env\HBVCAM_4M2214HD-2-v11_\model1\video_20260728_151841.mp4
frame_left_B=1
frame_right_A=0
shared_markers=1
baseline_mm=60.356039
rt_sift_role=validation_only
rt_sift_applied=False
rt_reliable=False

[PIPELINE_COUNTS]
left_keypoint_count=782
right_keypoint_count=790
left_descriptor_count=782
right_descriptor_count=790
knn_pair_count=782
ratio_pass_count=51
mutual_pass_count=43
spatially_balanced_count=43
essential_ransac_inlier_count=15
recoverpose_inlier_count=15
final_rt_sift_point_count=0
final_rt_feature_inlier_count=8
final_rt_feature_outlier_count=35

[FEATURE_QUALITY]
match_count=43
essential_inlier_count=15
inlier_count=15
inlier_ratio=0.3488372093023256
grid_coverage=0.125
hull_coverage=0.05065280012700784
parallax_deg=23.90907866927741
homography_ratio=0.18604651162790697
planar_degenerate=False
model_epi_px=0.18512777969998848
quality_penalty=0.1261627906976744
quality_ok=False
strong=False
marker_rt_feature_epi_px=1.4482427984930317
final_feature_epi_px=0.8563448593778975
final_feature_inlier_p90_px=1.3843301413708144
final_feature_all_p90_px=188.88094886767985
final_feature_holdout_median_px=None
marker_bidir_rms_px=0.055809849579065186
marker_left_to_right_rms_px=0.06523913891943775
marker_right_to_left_rms_px=0.044422217111779405
marker_bidir_max_px=0.0665485396072908
marker_pnp_self_reproj_px=0.05481453612446785
joint_solution_role=marker_only
feature_rot_agreement_deg=1.6343570180442006
pair_score=0.5749580966346931
combined_score=0.24842144417646736
sharpness_min=83.24995272951898
marker_coverage=0.0004732355216967537

[ACTIVE_THRESHOLDS]
sift_max_keypoints=800
sift_contrast_threshold=0.01
match_ratio=0.75
ransac_threshold_px=0.75
min_matches=11
min_inlier_ratio=0.28
min_grid_coverage=0.16666666666666666
min_hull_coverage=0.02
min_parallax_deg=1.0
strong_inliers=40
strong_grid_coverage=0.25

final_feature_inlier_px=1.5
final_feature_p90_max_px=1.25
marker_bidir_rms_max_px=1.5
marker_bidir_point_max_px=2.0

[FINAL_RT_LEFT_TO_RIGHT]
R0=0.999911955547 0.00115776351981 -0.0132189537592
R1=-0.00111891992677 0.999995036027 0.00294549488079
R2=0.0132222983272 -0.00293044459553 0.999908287455
t_mm=-60.3436439126 0.290008044781 -1.18827642212

[GRID_COUNTS_6x4]
raw_keypoints_left
    45   96  385    0    0    0
    54   71  131    0    0    0
     0    0    0    0    0    0
     0    0    0    0    0    0
raw_keypoints_right
    31  444   70    0    0    0
    73  170    2    0    0    0
     0    0    0    0    0    0
     0    0    0    0    0    0
balanced_candidates_left
     0    4    3    0    5    1
     0    0    3    2   20    1
     0    0    0    1    2    0
     0    0    1    0    0    0
balanced_candidates_right
     0    4    0    5    0    0
     0    0    3   19    5    1
     1    1    3    0    0    0
     1    0    0    0    0    0
essential_inliers_left
     0    0    1    0    3    0
     0    0    0    0   11    0
     0    0    0    0    0    0
     0    0    0    0    0    0
essential_inliers_right
     0    1    0    3    0    0
     0    0    1   10    0    0
     0    0    0    0    0    0
     0    0    0    0    0    0
recoverpose_inliers_left
     0    0    1    0    3    0
     0    0    0    0   11    0
     0    0    0    0    0    0
     0    0    0    0    0    0
recoverpose_inliers_right
     0    1    0    3    0    0
     0    0    1   10    0    0
     0    0    0    0    0    0
     0    0    0    0    0    0
joint_optimization_left
     0    0    0    0    0    0
     0    0    0    0    0    0
     0    0    0    0    0    0
     0    0    0    0    0    0
joint_optimization_right
     0    0    0    0    0    0
     0    0    0    0    0    0
     0    0    0    0    0    0
     0    0    0    0    0    0
holdout_left
     0    0    0    0    0    0
     0    0    0    0    0    0
     0    0    0    0    0    0
     0    0    0    0    0    0
holdout_right
     0    0    0    0    0    0
     0    0    0    0    0    0
     0    0    0    0    0    0
     0    0    0    0    0    0
final_rt_inliers_left
     0    0    1    0    1    0
     0    0    0    0    6    0
     0    0    0    0    0    0
     0    0    0    0    0    0
final_rt_inliers_right
     0    1    0    1    0    0
     0    0    0    6    0    0
     0    0    0    0    0    0
     0    0    0    0    0    0

[MATCH_TABLE]
index,left_x,left_y,right_x,right_y,essential_inlier,recoverpose_inlier,optimization_used,holdout,final_rt_inlier,final_epipolar_px
1,671.824829,257.987701,566.627991,176.077881,0,0,0,0,0,83.741487
2,1166.132080,379.029236,612.067322,160.867554,0,0,0,0,0,221.652703
3,783.534851,120.255341,551.319580,120.745392,1,1,0,0,1,0.764490
4,1312.794067,241.385422,995.231201,245.930832,1,1,0,0,1,1.359742
5,834.094360,123.423622,608.553955,126.236176,0,0,0,0,0,1.344369
6,494.137970,118.589287,19.266905,679.605042,0,0,0,0,0,555.770716
7,851.367371,280.953827,1525.845093,416.306061,0,0,0,0,0,134.967862
8,1429.099487,265.021179,1082.004150,268.664856,0,0,0,0,0,0.211376
9,1340.666138,361.439514,965.830811,364.881897,1,1,0,0,1,0.343389
10,1798.671875,189.808029,1854.229492,360.687042,0,0,0,0,0,167.684041
11,1393.183105,283.491974,1041.930176,285.492188,0,0,0,0,0,1.444878
12,1579.248047,302.729156,1020.934692,289.156830,0,0,0,0,0,17.607638
13,1353.821899,367.242981,979.565002,370.621307,1,1,0,0,1,0.427472
14,1359.944580,386.333313,989.179138,386.182343,0,0,0,0,0,4.017543
15,1334.578613,386.298065,960.133362,386.663269,0,0,0,0,0,3.533361
16,494.137970,118.589287,106.258255,999.467407,0,0,0,0,0,872.716921
17,1399.871582,360.915405,1035.582764,365.503387,1,1,0,0,1,0.856345
18,1399.871582,360.915405,1035.582764,365.503387,1,1,0,0,1,0.856345
19,1324.228638,416.717804,942.951782,417.406982,0,0,0,0,0,3.406139
20,396.747101,252.617538,1525.845093,416.306061,0,0,0,0,0,164.507783
21,836.209229,278.283508,1499.300903,400.183685,0,0,0,0,0,121.374208
22,1487.423950,274.789337,1131.307129,278.131104,0,0,0,0,0,0.183947
23,1404.891724,481.128204,992.314026,483.117798,1,1,0,0,0,2.500227
24,1404.972778,264.838989,1046.092041,269.812653,1,1,0,0,0,1.551543
25,1434.567993,187.881042,1124.063965,193.237122,1,1,0,0,0,2.036476
26,1302.913940,607.735229,853.729797,611.285461,0,0,0,0,0,2.411420
27,1574.662598,360.183014,1183.247803,361.873474,0,0,0,0,0,2.082359
28,649.952942,810.471191,859.305176,675.546387,0,0,0,0,0,138.079625
29,1448.311279,238.511627,1113.005859,242.424789,0,0,0,0,0,0.512358
30,1281.016235,756.398743,473.326752,743.024475,0,0,0,0,0,25.072670
31,1237.774048,688.359497,1294.260864,423.917755,0,0,0,0,0,266.234389
32,873.121704,288.066833,1533.676758,427.924713,0,0,0,0,0,139.538868
33,1560.362427,378.129333,1176.143066,363.589355,0,0,0,0,0,18.307184
34,1506.664307,298.940155,1143.333984,304.508209,1,1,0,0,0,1.975881
35,1423.910767,273.826508,1072.209717,279.455444,1,1,0,0,0,2.173966
36,1414.550293,315.698303,1060.273193,320.770233,1,1,0,0,0,1.512283
37,534.625183,164.792053,1026.430176,329.013733,0,0,0,0,0,162.894740
38,1311.837769,450.005890,914.904053,451.806244,1,1,0,0,0,2.588007
39,1398.894531,386.450073,1024.436035,388.870819,1,1,0,0,1,1.441703
40,1219.009521,480.811798,811.397034,484.811707,0,0,0,0,0,0.846437
41,1709.210938,391.058960,830.397949,592.129089,0,0,0,0,0,194.180176
42,1399.919678,421.730133,1014.893005,424.667023,1,1,0,0,1,1.120557
43,1516.726318,381.457764,1113.118286,380.121033,0,0,0,0,0,5.221604
