=== RT SIFT DIAGNOSTICS ===
This report describes the selected best frame pair only.
Coordinates are undistorted display pixels: frame_B/UI-left -> frame_A/UI-right.

[SELECTED_PAIR]
video=D:\Lightglue\lg_env\HBVCAM_4M2214HD-2-v11_\model1\video_20260728_142551.mp4
frame_left_B=1
frame_right_A=0
shared_markers=1
baseline_mm=55.222098
rt_sift_role=validation_only
rt_sift_applied=False
rt_reliable=False

[PIPELINE_COUNTS]
left_keypoint_count=789
right_keypoint_count=783
left_descriptor_count=789
right_descriptor_count=783
knn_pair_count=789
ratio_pass_count=113
mutual_pass_count=97
spatially_balanced_count=65
essential_ransac_inlier_count=33
recoverpose_inlier_count=32
final_rt_sift_point_count=0
final_rt_feature_inlier_count=13
final_rt_feature_outlier_count=52

[FEATURE_QUALITY]
match_count=65
essential_inlier_count=33
inlier_count=32
inlier_ratio=0.49230769230769234
grid_coverage=0.125
hull_coverage=0.030094596238918768
parallax_deg=2.7728666658968426
homography_ratio=0.4
planar_degenerate=False
model_epi_px=0.37420815263846874
quality_penalty=0.1621452641040546
quality_ok=False
strong=False
marker_rt_feature_epi_px=1.7705105418198348
final_feature_epi_px=1.0503914143587418
final_feature_inlier_p90_px=1.3511415488424359
final_feature_all_p90_px=254.32788643082066
final_feature_holdout_median_px=None
marker_bidir_rms_px=0.14128605323333496
marker_left_to_right_rms_px=0.1447257851201187
marker_right_to_left_rms_px=0.13776046166397218
marker_bidir_max_px=0.15302040720583132
marker_pnp_self_reproj_px=0.14162009954452515
joint_solution_role=marker_only
feature_rot_agreement_deg=17.424643680104804
pair_score=0.5936833619084178
combined_score=0.5547912876432953
sharpness_min=85.24089836842148
marker_coverage=0.000601137655804776

[ACTIVE_THRESHOLDS]
sift_max_keypoints=800
sift_contrast_threshold=0.01
match_ratio=0.75
ransac_threshold_px=0.75
min_matches=11
min_inlier_ratio=0.28
min_grid_coverage=0.16666666666666666
min_hull_coverage=0.02
min_parallax_deg=1.0
strong_inliers=40
strong_grid_coverage=0.25

final_feature_inlier_px=1.5
final_feature_p90_max_px=1.25
marker_bidir_rms_max_px=1.5
marker_bidir_point_max_px=2.0

[FINAL_RT_LEFT_TO_RIGHT]
R0=0.999028963139 0.0174238041415 -0.0404665523536
R1=-0.0153903629943 0.998629178753 0.0500289923
R2=0.0412827753071 -0.0493576173745 0.99792763168
t_mm=-54.4277259708 -9.15426544218 -1.81718686505

[GRID_COUNTS_6x4]
raw_keypoints_left
    27   65  418    0    0    0
    82   60  137    0    0    0
     0    0    0    0    0    0
     0    0    0    0    0    0
raw_keypoints_right
    23  394  157    0    0    0
    24  164   21    0    0    0
     0    0    0    0    0    0
     0    0    0    0    0    0
balanced_candidates_left
     0    0    1    1   22    2
     0    1    0    1   24    1
     2    1    2    0    4    0
     1    1    0    0    0    1
balanced_candidates_right
     1    1    0   17    4    2
     0    0    1   23    4    1
     1    1    0    4    3    2
     0    0    0    0    0    0
essential_inliers_left
     0    0    1    0   13    0
     0    0    0    0   16    0
     0    0    0    0    3    0
     0    0    0    0    0    0
essential_inliers_right
     0    0    0    9    3    0
     0    0    0   16    1    0
     0    1    0    3    0    0
     0    0    0    0    0    0
recoverpose_inliers_left
     0    0    0    0   13    0
     0    0    0    0   16    0
     0    0    0    0    3    0
     0    0    0    0    0    0
recoverpose_inliers_right
     0    0    0    9    3    0
     0    0    0   16    1    0
     0    0    0    3    0    0
     0    0    0    0    0    0
joint_optimization_left
     0    0    0    0    0    0
     0    0    0    0    0    0
     0    0    0    0    0    0
     0    0    0    0    0    0
joint_optimization_right
     0    0    0    0    0    0
     0    0    0    0    0    0
     0    0    0    0    0    0
     0    0    0    0    0    0
holdout_left
     0    0    0    0    0    0
     0    0    0    0    0    0
     0    0    0    0    0    0
     0    0    0    0    0    0
holdout_right
     0    0    0    0    0    0
     0    0    0    0    0    0
     0    0    0    0    0    0
     0    0    0    0    0    0
final_rt_inliers_left
     0    0    0    0   10    0
     0    0    0    0    3    0
     0    0    0    0    0    0
     0    0    0    0    0    0
final_rt_inliers_right
     0    0    0    8    1    0
     0    0    0    4    0    0
     0    0    0    0    0    0
     0    0    0    0    0    0

[MATCH_TABLE]
index,left_x,left_y,right_x,right_y,essential_inlier,recoverpose_inlier,optimization_used,holdout,final_rt_inlier,final_epipolar_px
1,1572.189697,321.138336,1320.939331,327.306915,0,0,0,0,0,2.897239
2,1554.578247,212.897171,1303.074463,217.592804,1,1,0,0,0,2.164260
3,1571.334473,258.769867,1321.256592,262.260376,1,1,0,0,0,1.916656
4,60.579144,679.192200,1525.935791,773.821838,0,0,0,0,0,213.335675
5,1813.976196,153.551651,1879.709351,269.566254,0,0,0,0,0,49.582167
6,747.571533,105.258827,446.739380,701.884766,1,0,0,0,0,574.952060
7,1366.771240,391.692444,1092.008667,393.966156,1,1,0,0,0,2.127642
8,1798.606812,189.724289,1867.213623,298.902863,0,0,0,0,0,44.636215
9,1391.101318,549.787781,1116.852051,551.916809,1,1,0,0,0,2.112531
10,1355.775635,226.080734,1082.675781,229.497177,1,1,0,0,1,0.240312
11,1477.929932,320.263977,1211.749390,323.190155,0,0,0,0,0,1.521869
12,1443.163452,300.433197,1176.766968,304.322235,1,1,0,0,0,1.823973
13,1540.298462,320.104065,1282.674805,324.350952,1,1,0,0,0,1.832765
14,500.294708,664.148071,845.604797,528.158142,0,0,0,0,0,255.961790
15,1355.492920,399.776123,1079.783447,402.481354,1,1,0,0,0,2.600562
16,1476.219604,338.942688,1210.949463,342.413361,1,1,0,0,0,2.277259
17,1398.890015,383.674774,1130.278442,384.560822,1,1,0,0,1,0.092715
18,1270.236206,199.903290,23.616661,808.217407,0,0,0,0,0,740.836904
19,1653.764526,812.625366,1517.260010,778.424011,0,0,0,0,0,51.366821
20,993.233276,486.209473,1490.623291,611.979248,0,0,0,0,0,6.792295
21,1361.395874,347.339386,1086.154785,350.456238,1,1,0,0,0,2.566865
22,1521.938721,317.216370,1263.557617,321.073334,1,1,0,0,1,1.375557
23,1434.090942,298.739441,1166.003052,302.443878,1,1,0,0,0,1.824971
24,179.355774,812.479370,1772.915527,145.324142,0,0,0,0,0,995.419250
25,1386.320312,401.655182,1115.791382,404.789124,0,0,0,0,0,2.618314
26,1489.239990,372.666168,1225.628540,376.000549,1,1,0,0,0,2.591584
27,1341.841309,179.619812,1068.410400,184.480179,1,1,0,0,1,0.426266
28,1406.736328,224.867508,1140.280884,227.798538,1,1,0,0,1,1.216287
29,1421.826538,312.984406,1151.505005,317.009186,1,1,0,0,0,2.713823
30,1400.566528,419.607941,1132.258301,426.989807,0,0,0,0,0,6.767755
31,1536.364258,224.009827,1282.940308,229.080246,1,1,0,0,1,1.050391
32,1420.187256,662.413940,1150.981934,666.674377,1,1,0,0,0,2.422668
33,1435.842285,322.332672,1166.428711,327.050201,1,1,0,0,0,3.545109
34,1356.312622,381.749512,1081.057861,381.391052,0,0,0,0,0,0.605694
35,1372.765503,410.890442,1098.064209,415.331573,0,0,0,0,0,4.456844
36,1497.291748,354.510468,1231.883179,356.792023,0,0,0,0,0,1.608571
37,1380.494507,313.934845,1107.521973,317.400085,1,1,0,0,0,2.259951
38,1457.708130,619.350342,1191.902466,623.828369,0,0,0,0,0,3.844360
39,1465.013428,247.640335,1201.748047,252.719421,1,1,0,0,1,1.253481
40,1552.747559,266.355530,1299.261841,269.140472,0,0,0,0,0,1.833675
41,1461.363159,357.898468,1196.190552,362.437927,0,0,0,0,0,3.518526
42,1419.343262,308.527130,1150.057617,311.829498,1,1,0,0,0,1.713613
43,450.579468,855.455078,147.842743,184.563492,0,0,0,0,0,691.222614
44,1501.214233,418.398987,1235.608887,421.578583,1,1,0,0,0,3.552673
45,1425.285889,421.438538,1160.101074,423.085266,1,1,0,0,1,0.958621
46,1642.785034,374.510803,1639.537231,542.367615,0,0,0,0,0,124.283130
47,1304.292480,205.140961,1031.385742,209.282776,0,0,0,0,0,0.181454
48,1446.478516,226.670319,1186.722290,230.259720,1,1,0,0,0,1.536352
49,1322.614868,240.154526,1049.665161,243.986740,0,0,0,0,0,0.780641
50,673.760986,699.667664,1562.822021,376.508301,0,0,0,0,0,522.350311
51,1465.013428,247.640335,1201.748047,252.719421,1,1,0,0,1,1.253481
52,203.276855,792.310852,475.418671,240.191772,0,0,0,0,0,667.854177
53,1519.651367,265.234283,1263.461426,266.980469,0,0,0,0,0,2.561335
54,1416.352295,595.077332,1147.273926,597.649841,1,1,0,0,0,1.799433
55,629.397644,374.090302,1626.345703,575.358521,0,0,0,0,0,19.892339
56,1519.651367,265.234283,1263.461426,266.980469,0,0,0,0,0,2.561335
57,1383.785889,244.810486,1112.993408,248.837387,1,1,0,0,1,1.053189
58,1458.774536,239.277069,1195.274780,243.689667,1,1,0,0,1,0.358327
59,1393.149780,209.758041,1194.501831,220.919174,0,0,0,0,0,5.279434
60,1415.215942,210.197052,1148.716919,213.106812,0,0,0,0,0,1.635194
61,1336.886353,204.890961,1065.836548,209.981323,0,0,0,0,0,0.931113
62,745.767639,599.164062,1428.927124,512.410339,0,0,0,0,0,251.877031
63,1477.483765,268.992828,1214.502930,273.597382,1,1,0,0,1,1.389607
64,1481.922241,245.049255,1218.874634,248.047867,0,0,0,0,0,0.877900
65,1486.788940,248.166092,1226.026611,252.988892,1,1,0,0,1,0.662219
