=== RT SIFT DIAGNOSTICS ===
This report describes the selected best frame pair only.
Coordinates are undistorted display pixels: frame_B/UI-left -> frame_A/UI-right.

[SELECTED_PAIR]
video=D:\Lightglue\lg_env\HBVCAM_4M2214HD-2-v11_\model1\video_20260729_110433.mp4
frame_left_B=1
frame_right_A=0
shared_markers=1
baseline_mm=56.927293
rt_sift_role=validation_only
rt_sift_applied=False
rt_reliable=False

[PIPELINE_COUNTS]
left_keypoint_count=784
right_keypoint_count=772
left_descriptor_count=784
right_descriptor_count=772
knn_pair_count=784
ratio_pass_count=85
mutual_pass_count=74
spatially_balanced_count=47
essential_ransac_inlier_count=24
recoverpose_inlier_count=24
final_rt_sift_point_count=0
final_rt_feature_inlier_count=1
final_rt_feature_outlier_count=46

[FEATURE_QUALITY]
match_count=47
essential_inlier_count=24
inlier_count=24
inlier_ratio=0.5106382978723404
grid_coverage=0.125
hull_coverage=0.046194819073471866
parallax_deg=2.4655683363638103
homography_ratio=0.3829787234042553
planar_degenerate=False
model_epi_px=0.4769877376906464
quality_penalty=0.125
quality_ok=False
strong=False
marker_rt_feature_epi_px=24.23758671951721
final_feature_epi_px=0.4909285784259838
final_feature_inlier_p90_px=0.4909285784259838
final_feature_all_p90_px=63.949966697177366
final_feature_holdout_median_px=None
marker_bidir_rms_px=0.3564522626797758
marker_left_to_right_rms_px=0.43997790140874954
marker_right_to_left_rms_px=0.24604039792484572
marker_bidir_max_px=0.45178654174160277
marker_pnp_self_reproj_px=0.34346356987953186
joint_solution_role=marker_only
feature_rot_agreement_deg=16.878195141156464
pair_score=0.5900590595185261
combined_score=0.6615040270255214
sharpness_min=90.83099194812958
marker_coverage=0.0009298206231000626

[ACTIVE_THRESHOLDS]
sift_max_keypoints=800
sift_contrast_threshold=0.01
match_ratio=0.75
ransac_threshold_px=0.75
min_matches=11
min_inlier_ratio=0.28
min_grid_coverage=0.16666666666666666
min_hull_coverage=0.02
min_parallax_deg=1.0
strong_inliers=40
strong_grid_coverage=0.25

final_feature_inlier_px=1.5
final_feature_p90_max_px=1.25
marker_bidir_rms_max_px=1.5
marker_bidir_point_max_px=2.0

[FINAL_RT_LEFT_TO_RIGHT]
R0=0.777876047247 0.0700394719253 -0.62450246396
R1=-0.0455109506152 0.997438842813 0.0551770624552
R2=0.626767587303 -0.014499214445 0.779071347366
t_mm=38.0140794547 -8.80764899225 41.4496288707

[GRID_COUNTS_6x4]
raw_keypoints_left
    15   27  530    0    0    0
    17   76  119    0    0    0
     0    0    0    0    0    0
     0    0    0    0    0    0
raw_keypoints_right
    11  455   67    0    0    0
    23  205   11    0    0    0
     0    0    0    0    0    0
     0    0    0    0    0    0
balanced_candidates_left
     0    0    0    0   13    4
     0    0    0    1   24    1
     0    0    0    1    1    2
     0    0    0    0    0    0
balanced_candidates_right
     0    0    0   14    1    0
     0    0    1   24    2    0
     0    0    2    3    0    0
     0    0    0    0    0    0
essential_inliers_left
     0    0    0    0    9    1
     0    0    0    0   12    0
     0    0    0    0    0    2
     0    0    0    0    0    0
essential_inliers_right
     0    0    0   10    0    0
     0    0    0   12    0    0
     0    0    0    2    0    0
     0    0    0    0    0    0
recoverpose_inliers_left
     0    0    0    0    9    1
     0    0    0    0   12    0
     0    0    0    0    0    2
     0    0    0    0    0    0
recoverpose_inliers_right
     0    0    0   10    0    0
     0    0    0   12    0    0
     0    0    0    2    0    0
     0    0    0    0    0    0
joint_optimization_left
     0    0    0    0    0    0
     0    0    0    0    0    0
     0    0    0    0    0    0
     0    0    0    0    0    0
joint_optimization_right
     0    0    0    0    0    0
     0    0    0    0    0    0
     0    0    0    0    0    0
     0    0    0    0    0    0
holdout_left
     0    0    0    0    0    0
     0    0    0    0    0    0
     0    0    0    0    0    0
     0    0    0    0    0    0
holdout_right
     0    0    0    0    0    0
     0    0    0    0    0    0
     0    0    0    0    0    0
     0    0    0    0    0    0
final_rt_inliers_left
     0    0    0    0    0    0
     0    0    0    0    1    0
     0    0    0    0    0    0
     0    0    0    0    0    0
final_rt_inliers_right
     0    0    0    0    0    0
     0    0    0    1    0    0
     0    0    0    0    0    0
     0    0    0    0    0    0

[MATCH_TABLE]
index,left_x,left_y,right_x,right_y,essential_inlier,recoverpose_inlier,optimization_used,holdout,final_rt_inlier,final_epipolar_px
1,1497.081055,294.192627,1144.725342,298.047943,1,1,0,0,0,8.255538
2,1721.519043,200.228317,1379.714111,207.376419,0,0,0,0,0,59.023906
3,1334.857788,449.250763,975.975830,451.603149,0,0,0,0,0,15.279269
4,1351.664429,395.056854,990.583740,396.571869,1,1,0,0,0,6.793747
5,1362.657471,468.961945,1004.518677,470.873688,0,0,0,0,0,21.738390
6,1394.809692,127.500694,1048.819580,120.733925,0,0,0,0,0,64.365209
7,1678.534058,264.338531,1333.956665,272.166931,0,0,0,0,0,13.429101
8,1323.764893,208.185547,995.306335,117.069717,1,1,0,0,0,130.897182
9,1618.180908,715.196655,1251.304565,722.781189,1,1,0,0,0,168.892951
10,1479.840088,372.615906,1130.084839,371.804749,1,1,0,0,0,11.608809
11,1435.351807,280.858154,1083.535645,285.647064,0,0,0,0,0,11.376409
12,1629.790283,553.795715,1269.691650,557.731323,1,1,0,0,0,114.624372
13,1388.118408,425.873749,1031.995972,427.223969,0,0,0,0,0,16.851467
14,1378.934082,385.788239,1017.461365,388.745819,1,1,0,0,0,8.612392
15,1561.030151,302.939514,1207.105835,307.472961,1,1,0,0,0,2.583754
16,1502.776489,262.026031,1151.313354,267.077179,1,1,0,0,0,18.180410
17,1564.561035,185.973785,1202.565674,182.440140,0,0,0,0,0,63.673138
18,1749.829834,208.399445,767.723206,682.872253,0,0,0,0,0,384.096352
19,1523.590698,368.196014,1171.350098,371.556183,0,0,0,0,0,18.911434
20,1395.666992,462.227051,1039.910400,467.679352,0,0,0,0,0,29.816103
21,1110.986938,633.233398,784.776428,699.052429,0,0,0,0,0,62.726804
22,1543.591064,381.883911,1188.681641,383.858978,1,1,0,0,0,24.018308
23,1364.083984,338.836395,1005.418396,342.241608,1,1,0,0,1,0.490929
24,1570.381958,331.043793,1212.583496,333.379974,0,0,0,0,0,6.422179
25,1583.292847,404.874634,1223.816772,407.832642,0,0,0,0,0,39.037941
26,1451.866821,419.942444,1104.064331,424.992371,0,0,0,0,0,29.512893
27,1438.472778,309.997894,1083.475586,312.623444,1,1,0,0,0,5.972422
28,1479.840088,372.615906,1130.084839,371.804749,1,1,0,0,0,11.608809
29,1570.455566,319.077179,1213.978638,324.134857,1,1,0,0,0,4.993442
30,1487.490845,165.798096,1145.328491,169.402054,0,0,0,0,0,54.421574
31,1538.641235,336.286743,1185.086548,340.546295,1,1,0,0,0,9.251346
32,1428.350586,354.344482,1075.874390,360.513092,0,0,0,0,0,9.963513
33,1548.723755,471.186798,1187.631104,475.046143,1,1,0,0,0,57.647492
34,1454.594849,339.557098,1107.980347,342.930664,0,0,0,0,0,5.074021
35,1484.022461,320.656799,1136.370850,328.163879,0,0,0,0,0,5.276730
36,1606.646118,253.337509,1257.932373,257.361816,1,1,0,0,0,25.039839
37,1567.135254,229.896088,1218.737427,234.285049,1,1,0,0,0,34.344707
38,1419.533936,262.056091,1067.886108,265.983002,0,0,0,0,0,17.244861
39,1642.624512,278.705536,1297.101074,281.452301,0,0,0,0,0,12.888909
40,1559.156128,199.127060,1211.797119,203.890381,1,1,0,0,0,47.243456
41,1410.323975,598.316406,1044.703491,600.932129,0,0,0,0,0,52.019314
42,1567.391846,211.769135,1220.291992,216.628998,1,1,0,0,0,42.058994
43,1270.219727,446.507477,909.505310,449.848236,0,0,0,0,0,8.736528
44,1574.752686,226.856415,1225.926758,231.948074,1,1,0,0,0,35.276622
45,1504.353516,225.612976,1154.888794,230.857910,1,1,0,0,0,31.364851
46,1516.784058,200.070770,1170.125732,204.486298,1,1,0,0,0,43.272426
47,1567.391846,211.769135,1220.291992,216.628998,1,1,0,0,0,42.058994
