=== RT SIFT DIAGNOSTICS ===
This report describes the selected best frame pair only.
Coordinates are undistorted display pixels: frame_B/UI-left -> frame_A/UI-right.

[SELECTED_PAIR]
video=D:\Lightglue\lg_env\HBVCAM_4M2214HD-2-v11_\model1\video_20260729_105638.mp4
frame_left_B=1
frame_right_A=0
shared_markers=1
baseline_mm=59.764457
rt_sift_role=final_rt
rt_sift_applied=True
rt_reliable=True

[PIPELINE_COUNTS]
left_keypoint_count=781
right_keypoint_count=784
left_descriptor_count=781
right_descriptor_count=784
knn_pair_count=781
ratio_pass_count=68
mutual_pass_count=56
spatially_balanced_count=56
essential_ransac_inlier_count=27
recoverpose_inlier_count=24
final_rt_sift_point_count=19
final_rt_feature_inlier_count=22
final_rt_feature_outlier_count=34

[FEATURE_QUALITY]
match_count=56
essential_inlier_count=27
inlier_count=24
inlier_ratio=0.42857142857142855
grid_coverage=0.16666666666666666
hull_coverage=0.060883252778421146
parallax_deg=14.461475470945196
homography_ratio=0.30357142857142855
planar_degenerate=False
model_epi_px=0.13852599507713595
quality_penalty=0.08333333333333334
quality_ok=True
strong=False
marker_rt_feature_epi_px=4.916354049726813
final_feature_epi_px=0.4990266738799789
final_feature_inlier_p90_px=1.1651749562403662
final_feature_all_p90_px=65.7703180377525
final_feature_holdout_median_px=0.59000305752292
marker_bidir_rms_px=0.436516515865826
marker_left_to_right_rms_px=0.33582147711868354
marker_right_to_left_rms_px=0.5179935064777409
marker_bidir_max_px=0.58731006548147
marker_pnp_self_reproj_px=0.07908394187688828
joint_solution_role=joint_from_marker_w12
feature_rot_agreement_deg=6.427255110054997
pair_score=0.5851398390438237
combined_score=0.36846924368800593
sharpness_min=107.39087084405007
marker_coverage=0.0008902078307518322

[ACTIVE_THRESHOLDS]
sift_max_keypoints=800
sift_contrast_threshold=0.01
match_ratio=0.75
ransac_threshold_px=0.75
min_matches=11
min_inlier_ratio=0.28
min_grid_coverage=0.16666666666666666
min_hull_coverage=0.02
min_parallax_deg=1.0
strong_inliers=40
strong_grid_coverage=0.25

final_feature_inlier_px=1.5
final_feature_p90_max_px=1.25
marker_bidir_rms_max_px=1.5
marker_bidir_point_max_px=2.0

[FINAL_RT_LEFT_TO_RIGHT]
R0=0.999847596935 -0.0010322496812 -0.0174274887409
R1=0.00112804405065 0.999984305636 0.00548780458286
R2=0.017421550443 -0.00550662719961 0.999833069386
t_mm=-59.7621547389 -0.27000312936 -0.449807443424

[GRID_COUNTS_6x4]
raw_keypoints_left
    23  458  262    0    0    0
     2    9   27    0    0    0
     0    0    0    0    0    0
     0    0    0    0    0    0
raw_keypoints_right
   103  480  140    0    0    0
    21   28   12    0    0    0
     0    0    0    0    0    0
     0    0    0    0    0    0
balanced_candidates_left
     0    0    1   18    7    7
     0    0    1   10    7    4
     0    0    0    0    1    0
     0    0    0    0    0    0
balanced_candidates_right
     0    0   16    3    5    5
     1    0   11    5    4    5
     0    0    0    1    0    0
     0    0    0    0    0    0
essential_inliers_left
     0    0    0   14    0    2
     0    0    0    6    3    2
     0    0    0    0    0    0
     0    0    0    0    0    0
essential_inliers_right
     0    0   14    0    0    2
     0    0    5    3    2    1
     0    0    0    0    0    0
     0    0    0    0    0    0
recoverpose_inliers_left
     0    0    0   14    0    1
     0    0    0    6    3    0
     0    0    0    0    0    0
     0    0    0    0    0    0
recoverpose_inliers_right
     0    0   14    0    0    1
     0    0    5    3    1    0
     0    0    0    0    0    0
     0    0    0    0    0    0
joint_optimization_left
     0    0    0   12    0    1
     0    0    0    3    3    0
     0    0    0    0    0    0
     0    0    0    0    0    0
joint_optimization_right
     0    0   12    0    0    1
     0    0    3    2    1    0
     0    0    0    0    0    0
     0    0    0    0    0    0
holdout_left
     0    0    0    2    0    0
     0    0    0    3    0    0
     0    0    0    0    0    0
     0    0    0    0    0    0
holdout_right
     0    0    2    0    0    0
     0    0    2    1    0    0
     0    0    0    0    0    0
     0    0    0    0    0    0
final_rt_inliers_left
     0    0    0   14    0    0
     0    0    0    6    2    0
     0    0    0    0    0    0
     0    0    0    0    0    0
final_rt_inliers_right
     0    0   14    0    0    0
     0    0    5    3    0    0
     0    0    0    0    0    0
     0    0    0    0    0    0

[MATCH_TABLE]
index,left_x,left_y,right_x,right_y,essential_inlier,recoverpose_inlier,optimization_used,holdout,final_rt_inlier,final_epipolar_px
1,1333.282959,116.284592,1101.603027,99.961098,0,0,0,0,0,21.589347
2,1333.282959,116.284592,1101.603027,99.961098,0,0,0,0,0,21.589347
3,1596.437012,308.049225,1539.466553,306.077728,0,0,0,0,0,8.116676
4,1576.793823,313.597717,1476.085938,322.735535,0,0,0,0,0,3.400521
5,1465.249268,156.640045,1567.765503,252.627670,0,0,0,0,0,88.415707
6,1494.317383,105.245743,1393.895020,92.217987,0,0,0,0,0,20.497600
7,1645.020386,253.680328,1547.400391,256.569489,0,0,0,0,0,3.776266
8,1774.869751,117.414299,1657.764648,126.863029,0,0,0,0,0,0.369535
9,1790.230103,128.497391,1672.784668,137.874649,0,0,0,0,0,0.366985
10,1494.317383,105.245743,1393.895020,92.217987,0,0,0,0,0,20.497600
11,1158.121826,235.583282,870.386597,238.582275,1,1,0,1,1,0.445374
12,1763.551880,239.128860,1675.815430,244.891968,1,0,0,0,0,1.664320
13,1639.590088,246.163971,1545.110962,250.915161,0,0,0,0,0,1.984256
14,1788.514526,117.367790,1671.209595,128.795898,1,1,1,0,0,2.269327
15,1530.045898,330.944153,1447.490601,334.697540,1,1,1,0,0,1.811791
16,1802.816895,209.210510,1882.929077,261.070343,0,0,0,0,0,43.124929
17,1655.612793,314.144165,1580.301392,318.013794,1,0,0,0,0,2.272854
18,1299.609375,164.428528,1049.460083,163.198120,0,0,0,0,0,5.852436
19,1175.427002,241.292084,888.479492,244.583679,1,1,1,0,1,0.233830
20,1124.519897,223.175751,831.933350,226.936356,1,1,1,0,1,0.504321
21,1366.298828,380.297485,1076.911987,388.253845,0,0,0,0,0,4.078422
22,1063.917358,322.515137,746.727234,324.214752,0,0,0,0,0,1.327776
23,926.680359,124.730431,880.210632,104.524666,0,0,0,0,0,23.855569
24,1097.410522,330.215088,781.404785,334.567535,1,1,0,1,1,1.201119
25,1319.737305,394.263367,1022.785889,397.515228,1,1,1,0,1,0.490162
26,1337.223022,375.743500,1043.963379,390.892273,0,0,0,0,0,11.337975
27,1189.105835,310.472748,901.321594,320.246735,0,0,0,0,0,6.225823
28,1097.410522,330.215088,781.404785,334.567535,1,1,1,0,1,1.201119
29,1069.359985,170.263229,783.710327,172.979782,1,1,1,0,1,0.266782
30,1699.978760,347.798004,1621.170288,359.507111,0,0,0,0,0,5.885245
31,1088.715820,308.539886,776.700439,311.867676,1,1,1,0,1,0.229872
32,1382.545410,566.891785,1741.071411,273.463165,0,0,0,0,0,300.267727
33,1777.268188,498.283478,1697.192505,511.936218,0,0,0,0,0,9.472174
34,1074.342896,318.909180,758.331482,322.556366,1,1,0,1,1,0.590003
35,1059.985840,146.731613,75.974251,318.836243,0,0,0,0,0,173.257323
36,1121.711670,234.203613,828.585938,237.209366,1,1,1,0,1,0.236638
37,1149.894653,260.506378,858.923767,264.415649,1,1,1,0,1,0.523575
38,1267.445435,139.443146,1127.354736,688.701782,0,0,0,0,0,544.417590
39,1734.279419,279.558136,1657.510864,283.724243,1,0,0,0,0,2.662061
40,1103.429443,224.756500,806.523987,228.904846,0,0,0,0,0,1.020198
41,1066.097412,188.814224,775.102112,191.832672,1,1,1,0,1,0.075405
42,1053.856567,189.013947,762.053284,191.304245,1,1,1,0,1,0.579286
43,1248.584229,283.850159,966.053589,286.812103,1,1,0,1,1,0.841681
44,1242.464844,384.787720,939.474060,388.735626,1,1,1,0,1,0.350723
45,1076.744385,188.188553,788.383057,190.687485,1,1,1,0,1,0.519634
46,1120.128052,154.480957,778.988892,444.140778,0,0,0,0,0,286.502388
47,1073.084473,250.956177,770.691162,253.385208,1,1,1,0,1,0.555685
48,1185.010742,324.986450,890.401611,327.522491,0,0,0,0,0,0.965067
49,1211.143433,272.462860,922.992126,273.883423,0,0,0,0,0,2.224151
50,1334.560791,396.887512,1038.544312,399.987854,1,1,1,0,1,0.663927
51,1415.440552,197.486755,1733.280518,477.624908,0,0,0,0,0,272.737218
52,1032.594238,240.906662,728.719482,244.046509,1,1,0,1,1,0.362188
53,1228.701294,256.525909,945.848938,259.798401,1,1,1,0,1,0.493732
54,1149.846191,246.552277,861.595154,250.128265,1,1,1,0,1,0.174896
55,933.653809,317.572449,749.866638,348.995728,0,0,0,0,0,28.031645
56,1021.645813,261.977356,711.831421,266.052979,1,1,1,0,1,1.324245
