=== RT SIFT DIAGNOSTICS ===
This report describes the selected best frame pair only.
Coordinates are undistorted display pixels: frame_B/UI-left -> frame_A/UI-right.

[SELECTED_PAIR]
video=D:\Lightglue\lg_env\HBVCAM_4M2214HD-2-v11_\model1\video_20260728_143958.mp4
frame_left_B=1
frame_right_A=0
shared_markers=1
baseline_mm=60.829312
rt_sift_role=final_rt
rt_sift_applied=True
rt_reliable=True

[PIPELINE_COUNTS]
left_keypoint_count=790
right_keypoint_count=789
left_descriptor_count=790
right_descriptor_count=789
knn_pair_count=790
ratio_pass_count=96
mutual_pass_count=84
spatially_balanced_count=83
essential_ransac_inlier_count=41
recoverpose_inlier_count=41
final_rt_sift_point_count=32
final_rt_feature_inlier_count=41
final_rt_feature_outlier_count=42

[FEATURE_QUALITY]
match_count=83
essential_inlier_count=41
inlier_count=41
inlier_ratio=0.4939759036144578
grid_coverage=0.375
hull_coverage=0.15956902642483933
parallax_deg=15.70284348189585
homography_ratio=0.3253012048192771
planar_degenerate=False
model_epi_px=0.2594965007374581
quality_penalty=0.0
quality_ok=True
strong=True
marker_rt_feature_epi_px=0.4016345822186229
final_feature_epi_px=0.22679367761588498
final_feature_inlier_p90_px=0.8196777440581753
final_feature_all_p90_px=51.990248853080615
final_feature_holdout_median_px=0.5466752605084726
marker_bidir_rms_px=0.14686331785976944
marker_left_to_right_rms_px=0.12481749357993215
marker_right_to_left_rms_px=0.16600681179392293
marker_bidir_max_px=0.24235667105795755
marker_pnp_self_reproj_px=0.11621730029582977
joint_solution_role=joint_from_marker_w12
feature_rot_agreement_deg=0.8525621330711719
pair_score=0.5459854028465697
combined_score=0.16472244422675344
sharpness_min=124.91255062808976
marker_coverage=0.0003714328049673098

[ACTIVE_THRESHOLDS]
sift_max_keypoints=800
sift_contrast_threshold=0.01
match_ratio=0.75
ransac_threshold_px=0.75
min_matches=11
min_inlier_ratio=0.28
min_grid_coverage=0.16666666666666666
min_hull_coverage=0.02
min_parallax_deg=1.0
strong_inliers=40
strong_grid_coverage=0.25

final_feature_inlier_px=1.5
final_feature_p90_max_px=1.25
marker_bidir_rms_max_px=1.5
marker_bidir_point_max_px=2.0

[FINAL_RT_LEFT_TO_RIGHT]
R0=0.999953280067 0.000466512178855 -0.00965505308972
R1=-0.000451089164921 0.999998619027 0.00159951938177
R2=0.00965578595162 -0.00159508936249 0.999952109597
t_mm=-60.8237335527 0.543653799099 0.61893332492

[GRID_COUNTS_6x4]
raw_keypoints_left
    97  160  333    0    0    0
    31   12  157    0    0    0
     0    0    0    0    0    0
     0    0    0    0    0    0
raw_keypoints_right
   110  207  242    0    0    0
    26   49  155    0    0    0
     0    0    0    0    0    0
     0    0    0    0    0    0
balanced_candidates_left
     0    0    4    7    6    2
     0    1    8    2   22   18
     0    0    4    3    5    1
     0    0    0    0    0    0
balanced_candidates_right
     0    1   12    1    3    0
     0    9    2   16   24    0
     0    0    8    4    3    0
     0    0    0    0    0    0
essential_inliers_left
     0    0    2    1    1    1
     0    0    6    2   13   12
     0    0    1    1    1    0
     0    0    0    0    0    0
essential_inliers_right
     0    1    2    0    2    0
     0    6    2    7   18    0
     0    0    2    1    0    0
     0    0    0    0    0    0
recoverpose_inliers_left
     0    0    2    1    1    1
     0    0    6    2   13   12
     0    0    1    1    1    0
     0    0    0    0    0    0
recoverpose_inliers_right
     0    1    2    0    2    0
     0    6    2    7   18    0
     0    0    2    1    0    0
     0    0    0    0    0    0
joint_optimization_left
     0    0    2    1    0    1
     0    0    4    2    9   11
     0    0    0    1    1    0
     0    0    0    0    0    0
joint_optimization_right
     0    1    2    0    1    0
     0    4    2    5   15    0
     0    0    1    1    0    0
     0    0    0    0    0    0
holdout_left
     0    0    0    0    1    0
     0    0    2    0    4    1
     0    0    1    0    0    0
     0    0    0    0    0    0
holdout_right
     0    0    0    0    1    0
     0    2    0    2    3    0
     0    0    1    0    0    0
     0    0    0    0    0    0
final_rt_inliers_left
     0    0    2    1    1    1
     0    0    6    2   13   12
     0    0    1    1    1    0
     0    0    0    0    0    0
final_rt_inliers_right
     0    1    2    0    2    0
     0    6    2    7   18    0
     0    0    2    1    0    0
     0    0    0    0    0    0

[MATCH_TABLE]
index,left_x,left_y,right_x,right_y,essential_inlier,recoverpose_inlier,optimization_used,holdout,final_rt_inlier,final_epipolar_px
1,950.221985,721.996704,748.107117,726.727295,1,1,0,1,1,1.454441
2,980.302246,690.977112,780.850769,694.071716,1,1,1,0,1,0.036120
3,868.331543,190.015915,695.180908,192.989853,1,1,1,0,1,0.148196
4,1423.978394,421.223511,1159.095825,421.627747,0,0,0,0,0,3.084617
5,958.139221,613.427917,759.295837,619.921997,0,0,0,0,0,3.333564
6,951.346191,779.459717,744.055237,773.166992,0,0,0,0,0,9.638890
7,1616.857300,790.319885,854.436157,692.988037,0,0,0,0,0,100.803633
8,1059.467041,508.091095,859.459229,510.694275,1,1,1,0,1,0.394312
9,958.139221,613.427917,759.295837,619.921997,0,0,0,0,0,3.333564
10,980.922485,774.581543,776.596191,767.684143,0,0,0,0,0,10.096252
11,1022.269287,499.720520,824.940186,503.152039,1,1,1,0,1,0.395598
12,991.938171,602.437927,793.758606,607.081360,0,0,0,0,0,1.576602
13,1403.346558,204.709290,1146.614502,222.040909,0,0,0,0,0,12.609297
14,764.558594,346.915802,598.555664,350.251495,1,1,0,1,1,0.546675
15,773.728149,214.930420,612.952209,217.573715,1,1,1,0,1,0.124997
16,1485.976440,706.387634,1433.371704,721.254333,0,0,0,0,0,14.398888
17,939.048157,119.345139,766.753784,85.151375,0,0,0,0,0,37.223159
18,1687.372314,339.967194,1377.908203,342.629913,0,0,0,0,0,1.838958
19,973.882324,213.679214,796.668579,216.520752,1,1,1,0,1,0.226794
20,1429.913330,638.556458,1155.839966,641.530029,0,0,0,0,0,0.702143
21,1665.865967,323.528259,1360.077881,328.278381,1,1,1,0,1,0.142435
22,1509.353271,321.105103,1231.303101,325.533783,1,1,1,0,1,0.145222
23,1506.814209,313.953918,1229.491821,317.466766,1,1,0,1,1,0.819678
24,1395.622070,211.737152,1173.255127,712.180542,0,0,0,0,0,497.401375
25,1499.621826,432.034698,1216.509277,434.157349,0,0,0,0,0,1.400392
26,1452.308838,431.342194,1178.535156,433.569275,0,0,0,0,0,1.252053
27,700.140442,384.666992,541.867920,387.753876,1,1,1,0,1,0.290454
28,1552.376343,375.164307,1270.088257,378.813538,1,1,1,0,1,0.267445
29,1525.405518,716.274109,897.341064,97.920288,0,0,0,0,0,625.309469
30,1677.607422,315.215698,1371.002075,320.365631,1,1,1,0,1,0.450180
31,1499.651367,346.247437,1219.999878,350.916382,1,1,1,0,1,0.562647
32,1050.245605,218.425919,862.527771,223.952545,0,0,0,0,0,2.214755
33,1495.963745,367.088135,1218.016968,370.937775,1,1,0,1,1,0.089973
34,1539.497559,480.556641,1251.067383,480.728485,0,0,0,0,0,3.010366
35,1046.264282,174.407516,854.247803,180.063431,0,0,0,0,0,2.215316
36,1519.082520,441.268890,1232.711182,442.916077,0,0,0,0,0,1.824117
37,1666.053711,355.570374,1361.018188,360.430939,1,1,1,0,1,0.565939
38,662.510864,373.545929,522.070984,406.509857,0,0,0,0,0,30.316490
39,1677.607422,315.215698,1371.002075,320.365631,1,1,1,0,1,0.450180
40,1596.206909,391.542145,1304.870850,394.984772,1,1,1,0,1,0.416025
41,974.148743,136.507660,810.839050,114.150558,0,0,0,0,0,25.354866
42,1509.353271,321.105103,1231.303101,325.533783,1,1,1,0,1,0.145222
43,734.069885,325.530334,573.384521,328.821350,1,1,0,1,1,0.615214
44,1515.956543,416.484406,1229.910278,416.940186,0,0,0,0,0,3.202152
45,1148.695679,166.362747,809.468933,89.131203,0,0,0,0,0,82.856939
46,1702.551514,362.797333,1389.267578,368.002350,1,1,1,0,1,0.902622
47,1543.983154,442.549377,1257.051025,443.044006,0,0,0,0,0,2.956098
48,1619.370361,408.058533,1323.878662,411.711060,1,1,1,0,1,0.092844
49,749.550354,329.545807,587.016174,332.097473,1,1,1,0,1,0.159814
50,1457.868652,128.026505,1502.234497,740.575989,0,0,0,0,0,611.643180
51,1667.756714,343.175568,1363.133911,349.318329,0,0,0,0,0,1.740240
52,1346.080200,170.002289,778.349976,83.783180,0,0,0,0,0,95.181968
53,712.127502,302.222260,604.999329,349.316010,0,0,0,0,0,44.965037
54,589.979065,422.496063,558.990417,341.110504,0,0,0,0,0,82.981898
55,1658.109497,348.715973,1355.803589,352.931152,1,1,1,0,1,0.119974
56,1582.711792,302.710938,1293.430054,307.478729,1,1,0,1,1,0.181877
57,1641.908447,304.206360,1342.311646,308.643188,1,1,1,0,1,0.280375
58,738.589478,318.865784,577.895996,322.719269,1,1,1,0,1,1.189009
59,1564.233765,464.439880,1274.664062,468.783722,0,0,0,0,0,1.073599
60,1571.275146,351.045685,1287.430542,355.096924,1,1,1,0,1,0.073442
61,1697.421753,414.821472,1382.438110,418.617096,1,1,1,0,1,0.020042
62,1487.514526,614.310974,1183.013916,670.337097,0,0,0,0,0,53.746552
63,932.806641,146.439911,753.607361,120.845482,0,0,0,0,0,28.664175
64,1605.970215,408.597076,1313.335693,411.444244,1,1,0,1,1,0.877809
65,1452.394409,250.501648,1530.923096,698.171448,0,0,0,0,0,447.236826
66,1568.616333,556.094604,1270.245850,558.744385,1,1,1,0,1,0.017600
67,1588.366333,448.004517,1296.140625,451.004364,1,1,1,0,1,0.405236
68,1629.177856,319.643890,1333.243774,324.104980,1,1,1,0,1,0.069921
69,1643.058594,508.945709,1334.451538,504.918121,0,0,0,0,0,7.015758
70,1571.275146,351.045685,1287.430542,355.096924,1,1,1,0,1,0.073442
71,1571.275146,351.045685,1287.430542,355.096924,1,1,0,1,1,0.073442
72,1634.259521,190.821640,1345.807495,195.879059,1,1,1,0,1,0.596359
73,1627.354004,419.798279,1330.396118,422.188904,0,0,0,0,0,1.266896
74,789.223938,322.280487,621.469360,324.577057,1,1,1,0,1,0.477582
75,1709.789795,356.135468,1397.740356,363.585632,0,0,0,0,0,3.104066
76,1061.873169,147.307693,873.185730,152.681915,0,0,0,0,0,1.876668
77,1648.107910,323.373077,1348.010864,327.726685,1,1,1,0,1,0.193451
78,1661.211060,467.125793,1352.597778,467.788452,0,0,0,0,0,2.652572
79,1633.747559,222.839996,1341.238892,226.259674,0,0,0,0,0,1.982629
80,989.010864,169.278793,804.882141,171.253510,0,0,0,0,0,1.256527
81,1513.204224,520.897583,1224.411133,523.619690,1,1,1,0,1,0.199450
82,1578.188354,242.320709,1293.313843,247.336655,1,1,0,1,1,0.039766
83,1566.597412,422.792297,1277.358398,423.536011,0,0,0,0,0,2.864152
