=== RT SIFT DIAGNOSTICS ===
This report describes the selected best frame pair only.
Coordinates are undistorted display pixels: frame_B/UI-left -> frame_A/UI-right.

[SELECTED_PAIR]
video=D:\Lightglue\lg_env\HBVCAM_4M2214HD-2-v11_\model1\video_20260728_144526.mp4
frame_left_B=1
frame_right_A=0
shared_markers=1
baseline_mm=61.892847
rt_sift_role=final_rt
rt_sift_applied=True
rt_reliable=True

[PIPELINE_COUNTS]
left_keypoint_count=784
right_keypoint_count=705
left_descriptor_count=784
right_descriptor_count=705
knn_pair_count=784
ratio_pass_count=84
mutual_pass_count=76
spatially_balanced_count=46
essential_ransac_inlier_count=25
recoverpose_inlier_count=25
final_rt_sift_point_count=20
final_rt_feature_inlier_count=25
final_rt_feature_outlier_count=21

[FEATURE_QUALITY]
match_count=46
essential_inlier_count=25
inlier_count=25
inlier_ratio=0.5434782608695652
grid_coverage=0.16666666666666666
hull_coverage=0.044389801888239926
parallax_deg=20.492517428471185
homography_ratio=0.32608695652173914
planar_degenerate=False
model_epi_px=0.21171235095400492
quality_penalty=0.08333333333333334
quality_ok=True
strong=False
marker_rt_feature_epi_px=4.095217615013606
final_feature_epi_px=0.5865846361481841
final_feature_inlier_p90_px=1.1787855879078852
final_feature_all_p90_px=249.28036530863977
final_feature_holdout_median_px=0.7337978208120424
marker_bidir_rms_px=0.24116719316827787
marker_left_to_right_rms_px=0.2291777108259239
marker_right_to_left_rms_px=0.2525882162372586
marker_bidir_max_px=0.3410503272568668
marker_pnp_self_reproj_px=0.06879349052906036
joint_solution_role=joint_from_marker_w12
feature_rot_agreement_deg=1.8907405488060398
pair_score=0.4950009713390334
combined_score=0.2784716925393924
sharpness_min=139.51387228359692
marker_coverage=0.0005620275392262825

[ACTIVE_THRESHOLDS]
sift_max_keypoints=800
sift_contrast_threshold=0.01
match_ratio=0.75
ransac_threshold_px=0.75
min_matches=11
min_inlier_ratio=0.28
min_grid_coverage=0.16666666666666666
min_hull_coverage=0.02
min_parallax_deg=1.0
strong_inliers=40
strong_grid_coverage=0.25

final_feature_inlier_px=1.5
final_feature_p90_max_px=1.25
marker_bidir_rms_max_px=1.5
marker_bidir_point_max_px=2.0

[FINAL_RT_LEFT_TO_RIGHT]
R0=0.999997721214 -0.00141696212497 -0.00159680435419
R1=0.00144171156511 0.999877175034 0.0156062908096
R2=0.00157449470376 -0.0156085573775 0.99987693938
t_mm=-61.8499267281 -2.27929544716 0.340358086219

[GRID_COUNTS_6x4]
raw_keypoints_left
    57  135  336    0    0    0
    38   61  157    0    0    0
     0    0    0    0    0    0
     0    0    0    0    0    0
raw_keypoints_right
    31  439    6    0    0    0
    36  180   13    0    0    0
     0    0    0    0    0    0
     0    0    0    0    0    0
balanced_candidates_left
     1    2    0    1    6    0
     0    1    0    2   24    0
     0    1    2    1    5    0
     0    0    0    0    0    0
balanced_candidates_right
     0    0    2    6    0    0
     0    1    0   24    0    0
     0    2    1    8    1    0
     1    0    0    0    0    0
essential_inliers_left
     0    0    0    1    5    0
     0    0    0    0   16    0
     0    0    0    0    3    0
     0    0    0    0    0    0
essential_inliers_right
     0    0    1    5    0    0
     0    0    0   16    0    0
     0    0    0    3    0    0
     0    0    0    0    0    0
recoverpose_inliers_left
     0    0    0    1    5    0
     0    0    0    0   16    0
     0    0    0    0    3    0
     0    0    0    0    0    0
recoverpose_inliers_right
     0    0    1    5    0    0
     0    0    0   16    0    0
     0    0    0    3    0    0
     0    0    0    0    0    0
joint_optimization_left
     0    0    0    1    4    0
     0    0    0    0   13    0
     0    0    0    0    2    0
     0    0    0    0    0    0
joint_optimization_right
     0    0    1    4    0    0
     0    0    0   13    0    0
     0    0    0    2    0    0
     0    0    0    0    0    0
holdout_left
     0    0    0    0    1    0
     0    0    0    0    3    0
     0    0    0    0    1    0
     0    0    0    0    0    0
holdout_right
     0    0    0    1    0    0
     0    0    0    3    0    0
     0    0    0    1    0    0
     0    0    0    0    0    0
final_rt_inliers_left
     0    0    0    1    5    0
     0    0    0    0   16    0
     0    0    0    0    3    0
     0    0    0    0    0    0
final_rt_inliers_right
     0    0    1    5    0    0
     0    0    0   16    0    0
     0    0    0    3    0    0
     0    0    0    0    0    0

[MATCH_TABLE]
index,left_x,left_y,right_x,right_y,essential_inlier,recoverpose_inlier,optimization_used,holdout,final_rt_inlier,final_epipolar_px
1,1163.224365,280.099945,1044.008789,701.995850,0,0,0,0,0,411.531009
2,1498.827515,186.511841,1110.260864,192.867035,0,0,0,0,0,4.775669
3,919.400024,704.806091,667.120056,708.718445,0,0,0,0,0,1.415983
4,1479.025757,665.808105,1225.526855,672.473328,1,1,0,1,1,1.241745
5,1212.035400,187.732773,910.644836,191.207855,1,1,1,0,1,0.586585
6,605.489990,82.812035,457.381439,691.480896,0,0,0,0,0,599.212932
7,1319.869385,479.649200,1036.777222,482.260895,1,1,1,0,1,0.861682
8,1484.092285,308.499084,1174.010864,312.124603,1,1,1,0,1,0.351668
9,1280.381836,505.377136,995.913330,507.927368,0,0,0,0,0,0.840701
10,1515.991699,395.651947,1219.244385,397.968903,0,0,0,0,0,1.069665
11,581.931946,446.587585,1325.843140,760.004639,0,0,0,0,0,271.258018
12,1315.713989,434.411011,1028.865356,438.785370,0,0,0,0,0,1.019627
13,1327.047852,374.384827,1025.180420,378.409271,0,0,0,0,0,1.050538
14,1438.862183,406.256592,1139.027466,409.429749,1,1,1,0,1,0.051334
15,264.750122,45.276703,862.136414,224.766800,0,0,0,0,0,145.165921
16,1300.082031,498.448273,1017.151428,501.330902,1,1,0,1,1,0.582861
17,1421.791016,382.784973,1118.355103,385.951233,1,1,1,0,1,0.127781
18,1448.738281,449.724792,1154.613159,454.785889,0,0,0,0,0,1.801293
19,1431.647949,494.167389,1144.306274,497.873901,1,1,1,0,1,0.235369
20,1378.705566,346.166565,1072.396729,350.310394,0,0,0,0,0,1.127927
21,1446.270386,312.692291,1138.265503,316.563568,1,1,1,0,1,0.616759
22,1439.356812,430.493988,1144.310669,431.597321,0,0,0,0,0,2.138817
23,804.689941,761.648560,559.268494,770.934509,0,0,0,0,0,3.119793
24,1439.296875,465.698730,1146.569458,469.012268,1,1,1,0,1,0.029796
25,1265.235474,652.474670,993.920532,652.823914,0,0,0,0,0,4.093995
26,1512.947998,230.714798,1197.583252,235.326431,1,1,0,1,1,0.864000
27,1479.025757,665.808105,1225.526855,672.473328,1,1,1,0,1,1.241745
28,1324.966553,337.596008,1017.923828,339.130402,1,1,1,0,1,1.411622
29,1339.183716,395.159882,1045.203491,397.639465,1,1,1,0,1,0.733798
30,1357.334961,374.432312,1057.271606,377.236237,1,1,1,0,1,0.285053
31,1304.625366,367.999298,1005.325928,370.911102,1,1,0,1,1,0.144365
32,1422.726196,453.050568,1130.884399,455.656036,1,1,1,0,1,0.697321
33,1419.318359,265.410156,1108.184937,269.385529,1,1,1,0,1,0.551451
34,1421.791016,382.784973,1118.355103,385.951233,1,1,1,0,1,0.127781
35,1416.405762,290.780823,1105.335449,294.195862,1,1,1,0,1,0.179259
36,1296.661377,414.350983,1000.392395,420.733276,0,0,0,0,0,3.366338
37,1339.183716,395.159882,1045.203491,397.639465,1,1,0,1,1,0.733798
38,1501.182129,227.766800,1184.717407,232.164505,1,1,1,0,1,0.683768
39,1424.389160,250.008621,1110.723022,254.559082,1,1,1,0,1,1.084347
40,599.861633,734.397522,502.012207,497.778931,0,0,0,0,0,246.871722
41,1301.398560,606.418152,1031.917969,611.887329,0,0,0,0,0,1.171875
42,1387.201050,262.689209,1075.785034,266.237885,1,1,1,0,1,0.172208
43,434.564972,226.962479,79.023468,1003.410034,0,0,0,0,0,772.941557
44,1238.382812,295.036438,1206.196411,559.739197,0,0,0,0,0,251.689009
45,1449.559448,639.437805,1184.410400,651.762817,0,0,0,0,0,7.515032
46,1330.745728,594.714661,1058.061157,598.076904,1,1,1,0,1,0.783396
