=== RT SIFT DIAGNOSTICS ===
This report describes the selected best frame pair only.
Coordinates are undistorted display pixels: frame_B/UI-left -> frame_A/UI-right.

[SELECTED_PAIR]
video=D:\Lightglue\lg_env\HBVCAM_4M2214HD-2-v11_\model1\video_20260728_152645.mp4
frame_left_B=1
frame_right_A=0
shared_markers=1
baseline_mm=61.871620
rt_sift_role=validation_only
rt_sift_applied=False
rt_reliable=False

[PIPELINE_COUNTS]
left_keypoint_count=476
right_keypoint_count=681
left_descriptor_count=476
right_descriptor_count=681
knn_pair_count=476
ratio_pass_count=49
mutual_pass_count=48
spatially_balanced_count=47
essential_ransac_inlier_count=33
recoverpose_inlier_count=33
final_rt_sift_point_count=0
final_rt_feature_inlier_count=1
final_rt_feature_outlier_count=46

[FEATURE_QUALITY]
match_count=47
essential_inlier_count=33
inlier_count=33
inlier_ratio=0.7021276595744681
grid_coverage=0.08333333333333333
hull_coverage=0.023841771592579553
parallax_deg=14.973177068269385
homography_ratio=0.6170212765957447
planar_degenerate=False
model_epi_px=0.4134114898856215
quality_penalty=0.22726002319449334
quality_ok=False
strong=False
marker_rt_feature_epi_px=2.9284128485105563
final_feature_epi_px=0.07078359475663934
final_feature_inlier_p90_px=0.07078359475663934
final_feature_all_p90_px=4.560590105910947
final_feature_holdout_median_px=None
marker_bidir_rms_px=0.10406424221751899
marker_left_to_right_rms_px=0.05579431752627546
marker_right_to_left_rms_px=0.13618269768362673
marker_bidir_max_px=0.1402080470908273
marker_pnp_self_reproj_px=0.09599922597408295
joint_solution_role=marker_only
feature_rot_agreement_deg=4.436408880357613
pair_score=0.5626123940704315
combined_score=0.415922562180577
sharpness_min=107.78262731179235
marker_coverage=0.0007337012593034384

[ACTIVE_THRESHOLDS]
sift_max_keypoints=800
sift_contrast_threshold=0.01
match_ratio=0.75
ransac_threshold_px=0.75
min_matches=11
min_inlier_ratio=0.28
min_grid_coverage=0.16666666666666666
min_hull_coverage=0.02
min_parallax_deg=1.0
strong_inliers=40
strong_grid_coverage=0.25

final_feature_inlier_px=1.5
final_feature_p90_max_px=1.25
marker_bidir_rms_max_px=1.5
marker_bidir_point_max_px=2.0

[FINAL_RT_LEFT_TO_RIGHT]
R0=0.999962734251 0.00801856361583 -0.00319886662151
R1=-0.00800285074835 0.999955996017 0.00489493712124
R2=0.00323797622334 -0.0048691546556 0.999982903275
t_mm=-61.8594520383 -0.505646072762 -1.11799674108

[GRID_COUNTS_6x4]
raw_keypoints_left
     2  221  184    0    0    0
     0   41   28    0    0    0
     0    0    0    0    0    0
     0    0    0    0    0    0
raw_keypoints_right
     2  538   23    0    0    0
     2  113    3    0    0    0
     0    0    0    0    0    0
     0    0    0    0    0    0
balanced_candidates_left
     0    0    0    0    0    0
     0    1    1   22   21    0
     0    0    0    1    1    0
     0    0    0    0    0    0
balanced_candidates_right
     0    0    0    0    0    0
     0    0   21   24    0    0
     0    0    2    0    0    0
     0    0    0    0    0    0
essential_inliers_left
     0    0    0    0    0    0
     0    0    0   17   16    0
     0    0    0    0    0    0
     0    0    0    0    0    0
essential_inliers_right
     0    0    0    0    0    0
     0    0   15   18    0    0
     0    0    0    0    0    0
     0    0    0    0    0    0
recoverpose_inliers_left
     0    0    0    0    0    0
     0    0    0   17   16    0
     0    0    0    0    0    0
     0    0    0    0    0    0
recoverpose_inliers_right
     0    0    0    0    0    0
     0    0   15   18    0    0
     0    0    0    0    0    0
     0    0    0    0    0    0
joint_optimization_left
     0    0    0    0    0    0
     0    0    0    0    0    0
     0    0    0    0    0    0
     0    0    0    0    0    0
joint_optimization_right
     0    0    0    0    0    0
     0    0    0    0    0    0
     0    0    0    0    0    0
     0    0    0    0    0    0
holdout_left
     0    0    0    0    0    0
     0    0    0    0    0    0
     0    0    0    0    0    0
     0    0    0    0    0    0
holdout_right
     0    0    0    0    0    0
     0    0    0    0    0    0
     0    0    0    0    0    0
     0    0    0    0    0    0
final_rt_inliers_left
     0    0    0    0    0    0
     0    0    0    1    0    0
     0    0    0    0    0    0
     0    0    0    0    0    0
final_rt_inliers_right
     0    0    0    0    0    0
     0    0    1    0    0    0
     0    0    0    0    0    0
     0    0    0    0    0    0

[MATCH_TABLE]
index,left_x,left_y,right_x,right_y,essential_inlier,recoverpose_inlier,optimization_used,holdout,final_rt_inlier,final_epipolar_px
1,1172.056396,646.302979,780.702820,419.020325,0,0,0,0,0,229.089646
2,1300.643311,622.993408,859.750061,641.793518,0,0,0,0,0,17.404465
3,493.509460,298.307404,926.066711,638.870178,0,0,0,0,0,327.977539
4,1297.768555,358.694702,1001.512207,361.497467,0,0,0,0,0,2.558088
5,1252.781616,469.313324,937.807922,471.921265,1,1,0,0,0,1.539109
6,1213.922852,274.501587,933.229919,277.807434,1,1,0,0,0,2.615213
7,1268.318237,424.006714,961.686768,428.041351,1,1,0,0,0,3.302725
8,1298.243652,351.939636,1004.302246,355.369659,1,1,0,0,0,3.197093
9,1276.724976,349.700409,984.623230,349.847687,0,0,0,0,0,0.251670
10,1162.818481,477.539856,849.447327,474.771332,0,0,0,0,0,4.622598
11,1420.081421,490.307159,1105.726318,493.451630,1,1,0,0,0,3.312085
12,1307.296509,340.643829,1013.570862,344.190765,1,1,0,0,0,3.432001
13,1327.759033,492.701355,1007.286682,495.673798,1,1,0,0,0,2.402845
14,1412.036499,455.811035,1107.663940,459.434906,1,1,0,0,0,3.856509
15,1284.853760,489.564514,966.824097,493.432709,1,1,0,0,0,2.946038
16,1377.429077,489.060944,1061.112671,492.291779,1,1,0,0,0,3.066933
17,1080.192993,300.815704,792.476929,302.472595,1,1,0,0,1,0.070784
18,1417.530151,463.089935,1107.410645,466.106995,1,1,0,0,0,3.296389
19,1252.146729,432.911469,942.324646,435.864929,1,1,0,0,0,2.067480
20,1356.148315,342.968567,1064.071411,347.253479,1,1,0,0,0,4.519251
21,1420.081421,490.307159,1105.726318,493.451630,1,1,0,0,0,3.312085
22,1309.721191,330.990845,1018.842896,334.580414,1,1,0,0,0,3.506912
23,1195.843262,337.487793,900.895813,340.729187,1,1,0,0,0,2.294297
24,1179.922241,381.333679,876.734314,385.332489,1,1,0,0,0,2.776123
25,1288.184692,470.600952,976.338989,473.988922,1,1,0,0,0,2.576493
26,1200.919312,429.507599,891.265747,433.123077,1,1,0,0,0,2.334372
27,1290.152954,422.361420,987.199402,427.395172,0,0,0,0,0,4.454309
28,1248.196899,446.499176,934.882629,449.268982,1,1,0,0,0,1.796102
29,1345.771118,332.269836,1048.901245,336.392731,1,1,0,0,0,4.368987
30,1333.289062,505.935516,1012.325378,507.720428,0,0,0,0,0,1.179971
31,1273.212158,449.294556,960.461365,453.323059,1,1,0,0,0,3.232213
32,1366.623779,415.799652,1071.796509,418.410858,0,0,0,0,0,2.619722
33,1173.569824,386.124512,871.020996,389.179565,1,1,0,0,0,1.752943
34,924.253174,353.807495,656.871948,315.239929,0,0,0,0,0,41.849917
35,1206.241943,460.975067,891.588379,462.951141,0,0,0,0,0,0.581187
36,1294.151978,373.871063,996.210388,377.667725,1,1,0,0,0,3.464051
37,1369.875122,425.337036,1073.295898,427.254761,0,0,0,0,0,1.919312
38,1184.129272,396.304932,878.600037,399.826202,1,1,0,0,0,2.269327
39,1248.064209,399.409424,941.822693,404.145142,0,0,0,0,0,3.975773
40,1218.202148,285.514221,934.840149,288.900543,1,1,0,0,0,2.715032
41,1311.079102,439.878204,1010.868713,443.573517,1,1,0,0,0,3.168568
42,1199.364990,500.841431,880.378479,504.631073,1,1,0,0,0,2.087920
43,1398.572510,477.294220,1083.942017,480.610840,1,1,0,0,0,3.387782
44,1208.410767,433.359650,898.856506,437.467041,1,1,0,0,0,2.860715
45,1257.051880,365.137939,958.076233,367.239807,0,0,0,0,0,1.535811
46,1233.877441,279.949829,950.821960,283.902863,1,1,0,0,0,3.415950
47,1167.512695,385.884460,864.520386,388.877747,1,1,0,0,0,1.648741
