=== RT SIFT DIAGNOSTICS ===
This report describes the selected best frame pair only.
Coordinates are undistorted display pixels: frame_B/UI-left -> frame_A/UI-right.

[SELECTED_PAIR]
video=D:\Lightglue\lg_env\SU01\model1\video_20260729_144833.mp4
frame_left_B=1
frame_right_A=0
shared_markers=1
baseline_mm=22.277470
rt_sift_role=final_rt
rt_sift_applied=True
rt_reliable=True

[PIPELINE_COUNTS]
left_keypoint_count=446
right_keypoint_count=486
left_descriptor_count=446
right_descriptor_count=486
knn_pair_count=446
ratio_pass_count=121
mutual_pass_count=117
spatially_balanced_count=62
essential_ransac_inlier_count=38
recoverpose_inlier_count=38
final_rt_sift_point_count=30
final_rt_feature_inlier_count=36
final_rt_feature_outlier_count=26

[FEATURE_QUALITY]
match_count=62
essential_inlier_count=38
inlier_count=38
inlier_ratio=0.6129032258064516
grid_coverage=0.16666666666666666
hull_coverage=0.05662665577197146
parallax_deg=7.408518147415865
homography_ratio=0.45161290322580644
planar_degenerate=False
model_epi_px=0.4676759795850013
quality_penalty=0.08333333333333334
quality_ok=True
strong=False
marker_rt_feature_epi_px=17.058645605184942
final_feature_epi_px=0.35584632368324515
final_feature_inlier_p90_px=0.887090516950054
final_feature_all_p90_px=7.704757549981144
final_feature_holdout_median_px=0.48838264314811225
marker_bidir_rms_px=0.1761622465990024
marker_left_to_right_rms_px=0.16862044691078187
marker_right_to_left_rms_px=0.18339416331285913
marker_bidir_max_px=0.2678911963310862
marker_pnp_self_reproj_px=0.204857736825943
joint_solution_role=joint_from_marker_w4
feature_rot_agreement_deg=34.409434855727646
pair_score=0.7863266362488875
combined_score=0.8648427575106251
sharpness_min=59.28849943464388
marker_coverage=0.0008448131118996116

[ACTIVE_THRESHOLDS]
sift_max_keypoints=800
sift_contrast_threshold=0.01
match_ratio=0.75
ransac_threshold_px=0.75
min_matches=11
min_inlier_ratio=0.28
min_grid_coverage=0.16666666666666666
min_hull_coverage=0.02
min_parallax_deg=1.0
strong_inliers=40
strong_grid_coverage=0.25

final_feature_inlier_px=1.5
final_feature_p90_max_px=1.25
marker_bidir_rms_max_px=1.5
marker_bidir_point_max_px=2.0

[FINAL_RT_LEFT_TO_RIGHT]
R0=0.999925281773 0.000412718111938 0.0122172228454
R1=-0.000416514927369 0.999999865754 0.000308232863314
R2=-0.012217093992 -0.000313298488387 0.999925319441
t_mm=-22.2683558668 0.634943058127 -0.0534893575741

[GRID_COUNTS_6x4]
raw_keypoints_left
     9  225  100    0    0    0
     2   40   70    0    0    0
     0    0    0    0    0    0
     0    0    0    0    0    0
raw_keypoints_right
    16  295   57    0    0    0
     1   93   24    0    0    0
     0    0    0    0    0    0
     0    0    0    0    0    0
balanced_candidates_left
     0    0    0    0    0    0
     0    1    2   24   19    0
     0    1    0    6    9    0
     0    0    0    0    0    0
balanced_candidates_right
     0    0    0    0    0    0
     0    1   16   24    6    0
     0    1    1   11    2    0
     0    0    0    0    0    0
essential_inliers_left
     0    0    0    0    0    0
     0    0    0   19   15    0
     0    0    0    1    3    0
     0    0    0    0    0    0
essential_inliers_right
     0    0    0    0    0    0
     0    0    9   21    4    0
     0    0    0    3    1    0
     0    0    0    0    0    0
recoverpose_inliers_left
     0    0    0    0    0    0
     0    0    0   19   15    0
     0    0    0    1    3    0
     0    0    0    0    0    0
recoverpose_inliers_right
     0    0    0    0    0    0
     0    0    9   21    4    0
     0    0    0    3    1    0
     0    0    0    0    0    0
joint_optimization_left
     0    0    0    0    0    0
     0    0    0   14   12    0
     0    0    0    1    3    0
     0    0    0    0    0    0
joint_optimization_right
     0    0    0    0    0    0
     0    0    6   17    3    0
     0    0    0    3    1    0
     0    0    0    0    0    0
holdout_left
     0    0    0    0    0    0
     0    0    0    5    3    0
     0    0    0    0    0    0
     0    0    0    0    0    0
holdout_right
     0    0    0    0    0    0
     0    0    3    4    1    0
     0    0    0    0    0    0
     0    0    0    0    0    0
final_rt_inliers_left
     0    0    0    0    0    0
     0    0    0   18   14    0
     0    0    0    1    3    0
     0    0    0    0    0    0
final_rt_inliers_right
     0    0    0    0    0    0
     0    0    9   20    3    0
     0    0    0    3    1    0
     0    0    0    0    0    0

[MATCH_TABLE]
index,left_x,left_y,right_x,right_y,essential_inlier,recoverpose_inlier,optimization_used,holdout,final_rt_inlier,final_epipolar_px
1,700.331482,482.254364,620.890381,481.449432,0,0,0,0,0,3.716580
2,659.108276,500.389648,579.822266,501.026703,0,0,0,0,0,2.308445
3,713.894897,400.294373,639.513428,402.350952,1,1,0,1,1,0.633596
4,804.321899,330.485352,733.859314,332.887115,1,1,1,0,1,0.316234
5,829.251343,360.994080,757.762512,363.765289,1,1,1,0,1,0.672061
6,904.393372,427.830383,829.282654,429.675293,1,1,1,0,1,0.420678
7,773.199158,332.918610,703.906860,335.203461,1,1,1,0,1,0.077932
8,944.405273,429.368408,867.894043,433.323853,0,0,0,0,0,1.717487
9,761.928589,752.818237,468.999237,402.118805,0,0,0,0,0,360.514108
10,899.959717,409.321930,825.614136,411.215759,1,1,0,1,1,0.260089
11,860.699707,369.421082,788.802612,371.208801,1,1,1,0,1,0.229263
12,889.949646,443.513062,813.476440,445.248138,1,1,1,0,1,0.685653
13,803.318176,402.029175,731.728638,404.613220,1,1,1,0,1,0.262873
14,705.596680,288.044861,637.150757,289.971405,1,1,1,0,1,0.581118
15,600.779297,357.778473,526.750671,360.453217,0,0,0,0,0,0.485747
16,864.498291,458.101318,787.224487,460.441620,1,1,0,1,1,0.220804
17,893.480591,409.818207,819.366089,411.885925,1,1,1,0,1,0.099819
18,839.133789,383.471802,767.551819,386.086639,1,1,1,0,1,0.471413
19,767.194275,289.318420,701.305908,290.984711,1,1,1,0,1,0.387993
20,845.672974,342.928467,771.834534,343.404266,1,1,1,0,0,1.556223
21,658.434204,297.761871,588.689331,301.609222,0,0,0,0,0,1.018509
22,731.506714,256.590454,668.047974,257.272186,1,1,0,1,1,1.487731
23,899.959717,409.321930,825.614136,411.215759,1,1,1,0,1,0.260089
24,904.683777,311.162354,728.570984,264.809601,0,0,0,0,0,50.986177
25,857.974731,355.311829,787.190063,357.093353,1,1,1,0,1,0.152814
26,864.498291,458.101318,787.224487,460.441620,1,1,1,0,1,0.220804
27,686.686523,432.487152,609.548462,435.470062,1,1,1,0,1,0.120676
28,716.939575,317.196899,646.563843,319.364929,1,1,0,1,1,0.343169
29,823.351990,373.929901,753.155762,375.835510,1,1,1,0,1,0.217083
30,891.756348,386.128510,817.419800,390.210999,0,0,0,0,0,2.016619
31,893.480591,409.818207,819.366089,411.885925,1,1,1,0,1,0.099819
32,735.488220,383.848480,661.406067,387.849518,0,0,0,0,0,1.405821
33,900.452332,375.431702,828.376221,377.950928,1,1,1,0,1,0.614406
34,836.252014,629.689575,777.571045,646.731079,0,0,0,0,0,14.356186
35,647.333557,426.426208,571.208984,428.621033,1,1,1,0,1,0.741095
36,897.792969,532.070862,817.125854,537.231567,0,0,0,0,0,2.138253
37,669.246338,406.843628,593.423096,408.249695,1,1,0,1,1,1.473175
38,948.031128,341.361267,881.706360,344.224762,1,1,1,0,0,1.526885
39,939.815552,532.394165,861.298218,537.192993,0,0,0,0,0,1.825577
40,897.865234,647.041138,818.560242,650.241394,0,0,0,0,0,0.397870
41,383.022644,356.624725,342.928101,316.219269,0,0,0,0,0,43.680822
42,647.771362,453.911896,571.289795,457.470673,1,1,1,0,1,0.643769
43,877.941650,616.134521,803.825256,620.155579,1,1,1,0,1,0.810543
44,681.290649,291.776520,610.027405,293.436768,1,1,1,0,1,1.083015
45,699.239929,320.931671,629.262207,324.805359,0,0,0,0,0,1.278711
46,649.427734,403.090881,573.028076,405.412079,1,1,0,1,1,0.643812
47,806.317810,756.103760,762.000000,750.861938,0,0,0,0,0,7.704758
48,707.674438,489.252167,626.216431,492.013824,1,1,1,0,1,0.211521
49,901.818115,560.381226,825.596008,563.108215,1,1,1,0,1,0.300884
50,900.040222,669.436279,820.292297,671.865723,0,0,0,0,0,1.312906
51,752.642761,535.493774,672.576416,538.823914,1,1,1,0,1,0.368523
52,916.238464,643.154663,838.357666,644.268738,0,0,0,0,0,2.468476
53,943.314697,482.902740,866.993591,486.690643,0,0,0,0,0,1.209382
54,685.886780,576.886230,624.327881,594.687378,0,0,0,0,0,15.447865
55,806.317810,756.103760,762.000000,750.861938,0,0,0,0,0,7.704758
56,929.104187,436.419922,853.754883,437.723724,1,1,1,0,1,0.963638
57,866.148376,516.721313,788.026611,517.179077,0,0,0,0,0,2.386791
58,621.333618,420.652252,544.863953,421.140015,0,0,0,0,0,2.541328
59,956.484619,421.477783,882.406006,423.554565,1,1,0,1,1,0.002214
60,946.157532,434.234711,871.794006,435.963654,1,1,1,0,1,0.460308
61,329.308960,754.416382,360.051270,762.670776,0,0,0,0,0,10.940568
62,946.253845,521.149170,868.123657,524.088867,1,1,1,0,1,0.057086
