=== RT SIFT DIAGNOSTICS ===
This report describes the selected best frame pair only.
Coordinates are undistorted display pixels: frame_B/UI-left -> frame_A/UI-right.

[SELECTED_PAIR]
video=D:\Lightglue\lg_env\SU01\model1\video_20260729_144520.mp4
frame_left_B=1
frame_right_A=0
shared_markers=1
baseline_mm=20.331327
rt_sift_role=final_rt
rt_sift_applied=True
rt_reliable=True

[PIPELINE_COUNTS]
left_keypoint_count=455
right_keypoint_count=502
left_descriptor_count=455
right_descriptor_count=502
knn_pair_count=455
ratio_pass_count=110
mutual_pass_count=107
spatially_balanced_count=58
essential_ransac_inlier_count=41
recoverpose_inlier_count=41
final_rt_sift_point_count=32
final_rt_feature_inlier_count=41
final_rt_feature_outlier_count=17

[FEATURE_QUALITY]
match_count=58
essential_inlier_count=41
inlier_count=41
inlier_ratio=0.7068965517241379
grid_coverage=0.25
hull_coverage=0.14225185516949884
parallax_deg=9.568238069152352
homography_ratio=0.6206896551724138
planar_degenerate=False
model_epi_px=0.4521244655559089
quality_penalty=0.0
quality_ok=True
strong=True
marker_rt_feature_epi_px=3.848093289806646
final_feature_epi_px=0.4443982809940678
final_feature_inlier_p90_px=0.7981971065763744
final_feature_all_p90_px=6.2123658289169175
final_feature_holdout_median_px=0.4443982809940678
marker_bidir_rms_px=0.27284652796702785
marker_left_to_right_rms_px=0.25421274611962824
marker_right_to_left_rms_px=0.29028664343652055
marker_bidir_max_px=0.5069888570139166
marker_pnp_self_reproj_px=0.06166989356279373
joint_solution_role=joint_from_marker_w4
feature_rot_agreement_deg=6.1448340255221625
pair_score=0.6617323226216866
combined_score=0.391261529648748
sharpness_min=60.11753383813193
marker_coverage=0.0010172718839356776

[ACTIVE_THRESHOLDS]
sift_max_keypoints=800
sift_contrast_threshold=0.01
match_ratio=0.75
ransac_threshold_px=0.75
min_matches=11
min_inlier_ratio=0.28
min_grid_coverage=0.16666666666666666
min_hull_coverage=0.02
min_parallax_deg=1.0
strong_inliers=40
strong_grid_coverage=0.25

final_feature_inlier_px=1.5
final_feature_p90_max_px=1.25
marker_bidir_rms_max_px=1.5
marker_bidir_point_max_px=2.0

[FINAL_RT_LEFT_TO_RIGHT]
R0=0.999995380599 -0.00294657600982 0.000745968861687
R1=0.00294600620181 0.999995368818 0.000763799520548
R2=-0.000748216000314 -0.00076159836336 0.99999943007
t_mm=-20.322392778 0.423257799568 -0.42900697649

[GRID_COUNTS_6x4]
raw_keypoints_left
    15  210   84    0    0    0
    10   56   80    0    0    0
     0    0    0    0    0    0
     0    0    0    0    0    0
raw_keypoints_right
    12  283   56    0    0    0
     6  109   36    0    0    0
     0    0    0    0    0    0
     0    0    0    0    0    0
balanced_candidates_left
     0    0    0    0    0    0
     0    3    3   23   16    0
     0    1    0    6    6    0
     0    0    0    0    0    0
balanced_candidates_right
     0    0    0    0    0    0
     0    4   13   24    6    0
     0    1    1    8    1    0
     0    0    0    0    0    0
essential_inliers_left
     0    0    0    0    0    0
     0    0    3   19   14    0
     0    1    0    1    3    0
     0    0    0    0    0    0
essential_inliers_right
     0    0    0    0    0    0
     0    1    8   22    5    0
     0    1    1    3    0    0
     0    0    0    0    0    0
recoverpose_inliers_left
     0    0    0    0    0    0
     0    0    3   19   14    0
     0    1    0    1    3    0
     0    0    0    0    0    0
recoverpose_inliers_right
     0    0    0    0    0    0
     0    1    8   22    5    0
     0    1    1    3    0    0
     0    0    0    0    0    0
joint_optimization_left
     0    0    0    0    0    0
     0    0    3   14   10    0
     0    1    0    1    3    0
     0    0    0    0    0    0
joint_optimization_right
     0    0    0    0    0    0
     0    1    5   16    5    0
     0    1    1    3    0    0
     0    0    0    0    0    0
holdout_left
     0    0    0    0    0    0
     0    0    0    5    4    0
     0    0    0    0    0    0
     0    0    0    0    0    0
holdout_right
     0    0    0    0    0    0
     0    0    3    6    0    0
     0    0    0    0    0    0
     0    0    0    0    0    0
final_rt_inliers_left
     0    0    0    0    0    0
     0    0    3   19   14    0
     0    1    0    1    3    0
     0    0    0    0    0    0
final_rt_inliers_right
     0    0    0    0    0    0
     0    1    8   22    5    0
     0    1    1    3    0    0
     0    0    0    0    0    0

[MATCH_TABLE]
index,left_x,left_y,right_x,right_y,essential_inlier,recoverpose_inlier,optimization_used,holdout,final_rt_inlier,final_epipolar_px
1,899.006714,470.468750,819.153137,472.246277,1,1,0,1,1,1.028752
2,660.964844,267.906158,593.942322,270.151459,1,1,1,0,1,1.011527
3,909.893250,447.935974,832.203552,450.852631,1,1,1,0,1,0.199549
4,829.500854,482.930206,747.550232,484.796356,1,1,1,0,1,0.798197
5,953.591003,348.055603,883.724426,350.444824,1,1,1,0,1,0.007036
6,704.479126,439.190552,624.713867,442.354370,0,0,0,0,0,1.113147
7,932.169006,455.179474,852.978271,457.314697,1,1,0,1,1,0.712412
8,734.588745,407.894867,657.501343,409.239441,1,1,1,0,1,0.648651
9,898.036865,406.961639,822.394165,407.865601,0,0,0,0,0,1.588213
10,703.813904,552.244690,811.899719,673.639526,0,0,0,0,0,123.956234
11,832.504272,386.915649,758.124268,389.806671,1,1,1,0,1,0.695003
12,858.079773,376.962250,783.800842,380.076447,1,1,1,0,1,0.868773
13,851.134399,389.642639,777.880798,391.676819,1,1,1,0,1,0.208066
14,758.308960,307.701630,685.974121,309.844604,1,1,0,1,1,0.444398
15,832.504272,386.915649,758.124268,389.806671,1,1,1,0,1,0.695003
16,845.870911,471.407318,765.616028,473.622833,1,1,1,0,1,0.425150
17,890.261414,388.716553,815.707397,390.831329,1,1,1,0,1,0.274321
18,830.163147,362.259003,755.311523,364.742676,1,1,1,0,1,0.363661
19,909.579102,374.027527,834.658081,376.606934,1,1,0,1,1,0.168411
20,820.101929,341.927673,747.003967,343.912567,1,1,1,0,1,0.012582
21,920.359070,382.280823,844.547119,384.989380,1,1,1,0,1,0.219833
22,725.832031,324.876404,653.765381,327.019043,1,1,1,0,1,0.502134
23,661.672302,458.413177,584.220032,459.884155,1,1,1,0,1,0.448309
24,819.935852,454.168915,742.034302,458.260315,0,0,0,0,0,1.645091
25,801.421570,478.793427,718.339722,481.331329,1,1,0,1,1,0.042981
26,827.723267,417.531006,753.193787,420.363159,1,1,1,0,1,0.552398
27,922.608521,434.721802,844.656677,436.805786,1,1,1,0,1,0.632071
28,744.459656,320.922852,672.188293,322.981079,1,1,1,0,1,0.367737
29,381.821320,367.888458,436.682159,292.359100,0,0,0,0,0,74.158237
30,956.303589,363.559601,883.336548,365.507935,1,1,1,0,1,0.542422
31,929.836975,461.819275,849.819275,464.002991,1,1,0,1,1,0.698516
32,700.330750,601.293579,622.038635,603.423157,1,1,1,0,1,0.426085
33,807.169800,658.486938,437.994263,268.006042,0,0,0,0,0,399.088740
34,832.325256,618.800232,766.821350,632.955811,0,0,0,0,0,11.397254
35,925.352295,537.257629,843.207214,539.414429,0,0,0,0,0,1.051070
36,932.404907,398.608673,856.704651,400.766937,1,1,1,0,1,0.420823
37,371.127014,377.640930,329.830780,368.676636,0,0,0,0,0,9.080785
38,952.167969,522.378845,869.989441,524.334534,0,0,0,0,0,1.286084
39,927.574097,513.031250,844.950989,515.693054,1,1,1,0,1,0.470006
40,744.278320,758.620789,424.789978,370.523010,0,0,0,0,0,396.791544
41,696.601318,460.279205,616.487061,460.826630,0,0,0,0,0,1.548790
42,928.837463,597.128113,848.005432,605.555420,0,0,0,0,0,4.983043
43,445.877472,268.323151,324.396027,269.230591,1,1,1,0,1,0.375209
44,403.279907,379.272919,418.286316,376.220856,0,0,0,0,0,2.292351
45,695.343323,303.745239,622.226074,305.150208,1,1,0,1,1,0.100682
46,390.944611,756.406921,385.926270,755.176697,1,1,1,0,1,0.710515
47,704.528259,414.093597,625.551697,415.692657,1,1,1,0,1,0.352657
48,954.342529,482.907837,874.454041,484.660583,0,0,0,0,0,1.287847
49,639.356201,398.603760,565.116577,399.788605,1,1,1,0,1,0.419803
50,637.657104,419.868927,559.521912,420.985321,1,1,1,0,1,0.618520
51,704.528259,414.093597,625.551697,415.692657,1,1,0,1,1,0.352657
52,937.763000,395.306793,862.199341,398.066833,1,1,1,0,1,0.176176
53,905.396423,536.212891,822.166687,538.907104,1,1,1,0,1,0.468125
54,870.663879,575.785767,784.953552,578.258911,1,1,1,0,1,0.792007
55,818.200928,526.309021,736.198303,527.009827,0,0,0,0,0,2.085456
56,688.241943,408.476654,609.352234,411.583740,0,0,0,0,0,1.224839
57,957.976074,465.767059,878.929993,468.307190,1,1,1,0,1,0.430989
58,651.110229,367.456543,574.492065,370.269684,1,1,0,1,1,1.213873
