=== RT SIFT DIAGNOSTICS ===
This report describes the selected best frame pair only.
Coordinates are undistorted display pixels: frame_B/UI-left -> frame_A/UI-right.

[SELECTED_PAIR]
video=D:\Lightglue\lg_env\SU01\model1\video_20260729_144738.mp4
frame_left_B=1
frame_right_A=0
shared_markers=1
baseline_mm=20.331850
rt_sift_role=final_rt
rt_sift_applied=True
rt_reliable=True

[PIPELINE_COUNTS]
left_keypoint_count=446
right_keypoint_count=502
left_descriptor_count=446
right_descriptor_count=502
knn_pair_count=446
ratio_pass_count=109
mutual_pass_count=105
spatially_balanced_count=59
essential_ransac_inlier_count=40
recoverpose_inlier_count=40
final_rt_sift_point_count=32
final_rt_feature_inlier_count=40
final_rt_feature_outlier_count=19

[FEATURE_QUALITY]
match_count=59
essential_inlier_count=40
inlier_count=40
inlier_ratio=0.6779661016949152
grid_coverage=0.16666666666666666
hull_coverage=0.04912510347151979
parallax_deg=10.246340343668368
homography_ratio=0.6271186440677966
planar_degenerate=False
model_epi_px=0.5004893458163342
quality_penalty=0.08333333333333334
quality_ok=True
strong=False
marker_rt_feature_epi_px=33.938318255542924
final_feature_epi_px=0.47265020117581913
final_feature_inlier_p90_px=0.8324564154151477
final_feature_all_p90_px=1.863460520041226
final_feature_holdout_median_px=0.6227708449920611
marker_bidir_rms_px=0.1538004150518228
marker_left_to_right_rms_px=0.17512652507691606
marker_right_to_left_rms_px=0.1289954865672059
marker_bidir_max_px=0.2571337809386709
marker_pnp_self_reproj_px=0.2030666172504425
joint_solution_role=joint_from_marker_w1
feature_rot_agreement_deg=35.286067093504336
pair_score=0.8428251479651949
combined_score=0.880700541670121
sharpness_min=52.47773359543586
marker_coverage=0.0008434527657172452

[ACTIVE_THRESHOLDS]
sift_max_keypoints=800
sift_contrast_threshold=0.01
match_ratio=0.75
ransac_threshold_px=0.75
min_matches=11
min_inlier_ratio=0.28
min_grid_coverage=0.16666666666666666
min_hull_coverage=0.02
min_parallax_deg=1.0
strong_inliers=40
strong_grid_coverage=0.25

final_feature_inlier_px=1.5
final_feature_p90_max_px=1.25
marker_bidir_rms_max_px=1.5
marker_bidir_point_max_px=2.0

[FINAL_RT_LEFT_TO_RIGHT]
R0=0.999990079354 0.000701576671805 -0.00439874803235
R1=-0.000763876991779 0.999899201738 -0.014177547582
R2=0.00438835800955 0.014180767034 0.99988981801
t_mm=-20.1813769915 2.46050515088 0.205082185708

[GRID_COUNTS_6x4]
raw_keypoints_left
    19  192   71    0    0    0
     1   77   86    0    0    0
     0    0    0    0    0    0
     0    0    0    0    0    0
raw_keypoints_right
    12  250   54    0    0    0
     2  139   45    0    0    0
     0    0    0    0    0    0
     0    0    0    0    0    0
balanced_candidates_left
     0    0    0    0    0    0
     0    1    2   18   15    0
     0    0    0    4   19    0
     0    0    0    0    0    0
balanced_candidates_right
     0    0    0    0    0    0
     0    1    8   24    3    0
     0    0    1   18    4    0
     0    0    0    0    0    0
essential_inliers_left
     0    0    0    0    0    0
     0    0    0   12    9    0
     0    0    0    3   16    0
     0    0    0    0    0    0
essential_inliers_right
     0    0    0    0    0    0
     0    0    4   16    1    0
     0    0    1   15    3    0
     0    0    0    0    0    0
recoverpose_inliers_left
     0    0    0    0    0    0
     0    0    0   12    9    0
     0    0    0    3   16    0
     0    0    0    0    0    0
recoverpose_inliers_right
     0    0    0    0    0    0
     0    0    4   16    1    0
     0    0    1   15    3    0
     0    0    0    0    0    0
joint_optimization_left
     0    0    0    0    0    0
     0    0    0    8    8    0
     0    0    0    2   14    0
     0    0    0    0    0    0
joint_optimization_right
     0    0    0    0    0    0
     0    0    3   12    1    0
     0    0    1   12    3    0
     0    0    0    0    0    0
holdout_left
     0    0    0    0    0    0
     0    0    0    4    1    0
     0    0    0    1    2    0
     0    0    0    0    0    0
holdout_right
     0    0    0    0    0    0
     0    0    1    4    0    0
     0    0    0    3    0    0
     0    0    0    0    0    0
final_rt_inliers_left
     0    0    0    0    0    0
     0    0    0   12    9    0
     0    0    0    3   16    0
     0    0    0    0    0    0
final_rt_inliers_right
     0    0    0    0    0    0
     0    0    4   16    1    0
     0    0    1   15    3    0
     0    0    0    0    0    0

[MATCH_TABLE]
index,left_x,left_y,right_x,right_y,essential_inlier,recoverpose_inlier,optimization_used,holdout,final_rt_inlier,final_epipolar_px
1,836.238708,354.811646,764.098816,356.905304,1,1,0,1,1,0.461696
2,703.976074,493.840607,625.747131,494.638184,0,0,0,0,0,2.014481
3,851.584045,319.377106,783.481506,321.198547,0,0,0,0,0,0.960383
4,696.402832,443.673920,619.485718,446.694611,1,1,1,0,1,0.415762
5,916.421997,491.057190,837.480957,493.327026,1,1,1,0,1,0.444402
6,829.871033,409.115021,756.995667,412.940430,0,0,0,0,0,1.861672
7,901.221069,335.995850,828.219971,332.314667,0,0,0,0,0,5.306312
8,891.068787,433.768616,815.677246,434.208832,0,0,0,0,0,1.859432
9,855.716370,400.634766,782.426941,402.892365,1,1,1,0,1,0.274921
10,889.033691,415.895721,812.252319,417.140869,1,1,1,0,1,1.237773
11,821.579468,437.661377,748.104187,439.417664,1,1,0,1,1,0.322689
12,915.368530,437.243134,839.308167,442.329620,0,0,0,0,0,2.662020
13,905.994934,487.102844,827.484436,489.689331,1,1,1,0,1,0.094709
14,804.260376,361.414978,735.838684,364.424713,0,0,0,0,0,1.870613
15,723.414978,562.605469,644.559570,566.328430,0,0,0,0,0,0.979140
16,918.592773,474.424042,840.366394,477.935669,1,1,1,0,1,0.846666
17,956.634888,371.707336,889.905762,373.119080,0,0,0,0,0,0.417950
18,847.505920,412.556946,775.502014,414.135620,1,1,1,0,1,0.247749
19,653.456604,458.402740,576.600159,461.744019,1,1,1,0,1,0.701881
20,884.866150,496.173920,805.780884,498.099182,1,1,0,1,1,0.830878
21,835.589844,365.201965,762.607300,367.134613,1,1,1,0,1,0.133608
22,898.574158,474.712616,821.490295,477.695465,1,1,1,0,1,0.458911
23,831.583740,490.256958,753.862915,493.729401,1,1,1,0,1,0.816484
24,847.505920,412.556946,775.502014,414.135620,1,1,1,0,1,0.247749
25,829.324768,383.544861,756.713135,385.900452,1,1,0,1,1,0.526650
26,861.786926,424.958405,787.623169,428.227417,0,0,0,0,0,1.107653
27,814.600708,499.696503,733.540283,501.361694,1,1,1,0,1,1.432986
28,342.332153,424.967682,369.821991,392.812500,0,0,0,0,0,19.469757
29,881.789001,717.762573,800.010803,719.485596,1,1,1,0,1,0.470407
30,915.188171,412.388153,839.988770,414.250366,1,1,1,0,1,0.397538
31,731.374756,416.531219,654.646851,417.233093,0,0,0,0,0,1.774144
32,742.381348,561.391052,660.927551,564.242310,1,1,1,0,1,0.212745
33,659.911072,429.318390,582.241516,431.083435,0,0,0,0,0,0.885852
34,847.377502,520.939758,766.401001,523.340881,1,1,0,1,1,0.589338
35,952.250549,381.342926,884.276611,384.089722,0,0,0,0,0,1.539661
36,939.044678,602.856812,853.369690,606.255371,1,1,1,0,1,0.474894
37,950.198425,483.901794,873.749695,485.495148,1,1,1,0,1,0.753014
38,907.326599,566.075684,824.778687,569.572144,1,1,1,0,1,0.626989
39,905.567871,619.637329,822.590454,622.119751,1,1,1,0,1,0.011337
40,665.956787,406.886536,590.073181,409.992432,1,1,0,1,1,0.777593
41,635.695801,418.476318,559.620422,419.349182,0,0,0,0,0,1.496018
42,946.687683,691.025330,860.095764,697.025696,0,0,0,0,0,3.979405
43,932.403259,553.399414,851.002502,556.035400,1,1,1,0,1,0.102326
44,874.021912,580.763489,787.586609,584.899719,1,1,1,0,1,0.764013
45,719.426392,514.464111,639.033203,517.468262,1,1,1,0,1,0.090001
46,898.230957,711.318970,817.773010,712.167297,1,1,1,0,1,0.253044
47,635.695801,418.476318,559.620422,419.349182,0,0,0,0,0,1.496018
48,862.664001,566.976074,781.512329,568.923401,1,1,0,1,1,0.812840
49,685.435059,413.959717,609.246948,415.810730,1,1,1,0,1,0.542929
50,916.642395,565.877563,834.683289,568.840332,1,1,1,0,1,0.195183
51,928.389099,547.594360,847.211426,549.644531,1,1,1,0,1,0.698189
52,903.204285,564.588501,821.797363,565.892395,0,0,0,0,0,1.416966
53,955.016357,577.355530,873.929199,580.211975,1,1,1,0,1,0.380365
54,917.860962,552.066101,835.971252,554.249939,1,1,0,1,1,0.656204
55,926.300720,570.429138,845.104858,573.711426,1,1,1,0,1,0.669712
56,907.616028,647.981445,822.919495,649.589783,1,1,1,0,1,0.818094
57,895.159241,589.166321,814.034119,590.435974,0,0,0,0,0,1.256775
58,950.516296,550.229980,869.805359,553.278259,1,1,1,0,1,0.418615
59,903.816833,712.878052,813.983337,714.043762,1,1,1,0,1,1.139972
