=== RT SIFT DIAGNOSTICS ===
This report describes the selected best frame pair only.
Coordinates are undistorted display pixels: frame_B/UI-left -> frame_A/UI-right.

[SELECTED_PAIR]
video=D:\Lightglue\lg_env\SU01\model1\video_20260729_145006.mp4
frame_left_B=1
frame_right_A=0
shared_markers=1
baseline_mm=20.321286
rt_sift_role=final_rt
rt_sift_applied=True
rt_reliable=True

[PIPELINE_COUNTS]
left_keypoint_count=465
right_keypoint_count=491
left_descriptor_count=465
right_descriptor_count=491
knn_pair_count=465
ratio_pass_count=128
mutual_pass_count=121
spatially_balanced_count=61
essential_ransac_inlier_count=44
recoverpose_inlier_count=43
final_rt_sift_point_count=34
final_rt_feature_inlier_count=43
final_rt_feature_outlier_count=18

[FEATURE_QUALITY]
match_count=61
essential_inlier_count=44
inlier_count=43
inlier_ratio=0.7049180327868853
grid_coverage=0.20833333333333334
hull_coverage=0.06860089505026679
parallax_deg=8.366720190348635
homography_ratio=0.6721311475409836
planar_degenerate=False
model_epi_px=0.4840740052070295
quality_penalty=0.04166666666666666
quality_ok=True
strong=False
marker_rt_feature_epi_px=21.242051762903614
final_feature_epi_px=0.3594582174965005
final_feature_inlier_p90_px=0.9393136026442225
final_feature_all_p90_px=3.715844242698675
final_feature_holdout_median_px=0.6085180072110926
marker_bidir_rms_px=0.14684168857458543
marker_left_to_right_rms_px=0.13795555232220452
marker_right_to_left_rms_px=0.1552199361884502
marker_bidir_max_px=0.24651004228880571
marker_pnp_self_reproj_px=0.17907242476940155
joint_solution_role=joint_from_marker_w4
feature_rot_agreement_deg=35.10192038944706
pair_score=0.8012675386956393
combined_score=0.8499401153092608
sharpness_min=53.626213047569614
marker_coverage=0.0008458462798245136

[ACTIVE_THRESHOLDS]
sift_max_keypoints=800
sift_contrast_threshold=0.01
match_ratio=0.75
ransac_threshold_px=0.75
min_matches=11
min_inlier_ratio=0.28
min_grid_coverage=0.16666666666666666
min_hull_coverage=0.02
min_parallax_deg=1.0
strong_inliers=40
strong_grid_coverage=0.25

final_feature_inlier_px=1.5
final_feature_p90_max_px=1.25
marker_bidir_rms_max_px=1.5
marker_bidir_point_max_px=2.0

[FINAL_RT_LEFT_TO_RIGHT]
R0=0.999998090025 -0.000702306468004 -0.00182392768905
R1=0.000694551589706 0.999990732158 -0.00424890529112
R2=0.00182689481885 0.00424763036394 0.999989309989
t_mm=-20.2859506197 1.1790068749 -0.211724811031

[GRID_COUNTS_6x4]
raw_keypoints_left
    15  329   60    0    0    0
     1   36   24    0    0    0
     0    0    0    0    0    0
     0    0    0    0    0    0
raw_keypoints_right
    19  403   12    0    0    0
     2   48    7    0    0    0
     0    0    0    0    0    0
     0    0    0    0    0    0
balanced_candidates_left
     0    0    0    0    0    0
     0    2   20   24    6    0
     0    0    1    4    4    0
     0    0    0    0    0    0
balanced_candidates_right
     0    0    0    0    0    0
     0    3   22   24    2    0
     0    0    2    7    1    0
     0    0    0    0    0    0
essential_inliers_left
     0    0    0    0    0    0
     0    1   16   21    3    0
     0    0    0    2    1    0
     0    0    0    0    0    0
essential_inliers_right
     0    0    0    0    0    0
     0    1   17   22    1    0
     0    0    1    2    0    0
     0    0    0    0    0    0
recoverpose_inliers_left
     0    0    0    0    0    0
     0    0   16   21    3    0
     0    0    0    2    1    0
     0    0    0    0    0    0
recoverpose_inliers_right
     0    0    0    0    0    0
     0    0   17   22    1    0
     0    0    1    2    0    0
     0    0    0    0    0    0
joint_optimization_left
     0    0    0    0    0    0
     0    0   12   17    3    0
     0    0    0    1    1    0
     0    0    0    0    0    0
joint_optimization_right
     0    0    0    0    0    0
     0    0   12   19    1    0
     0    0    0    2    0    0
     0    0    0    0    0    0
holdout_left
     0    0    0    0    0    0
     0    0    4    4    0    0
     0    0    0    1    0    0
     0    0    0    0    0    0
holdout_right
     0    0    0    0    0    0
     0    0    5    3    0    0
     0    0    1    0    0    0
     0    0    0    0    0    0
final_rt_inliers_left
     0    0    0    0    0    0
     0    0   16   21    3    0
     0    0    0    2    1    0
     0    0    0    0    0    0
final_rt_inliers_right
     0    0    0    0    0    0
     0    0   17   22    1    0
     0    0    1    2    0    0
     0    0    0    0    0    0

[MATCH_TABLE]
index,left_x,left_y,right_x,right_y,essential_inlier,recoverpose_inlier,optimization_used,holdout,final_rt_inlier,final_epipolar_px
1,646.463196,533.276123,768.999512,579.898376,0,0,0,0,0,57.096988
2,533.428162,506.366882,455.268280,508.348450,1,1,0,1,1,0.608518
3,743.975952,344.519226,674.449036,346.461548,1,1,1,0,1,0.145162
4,880.238281,287.288940,424.360168,384.306244,0,0,0,0,0,71.072279
5,800.182312,549.278870,721.360046,549.295776,0,0,0,0,0,2.907743
6,955.746155,401.893036,890.033569,402.843414,1,1,1,0,1,1.074208
7,562.130249,547.547302,483.414185,548.658508,0,0,0,0,0,1.625648
8,822.045227,360.560364,749.546326,362.176666,1,1,1,0,1,0.542796
9,713.149658,260.781891,646.595093,262.451050,1,1,1,0,1,0.494942
10,670.745300,505.651550,590.359009,507.709381,1,1,0,1,1,0.810897
11,530.877319,299.682098,404.327576,428.176544,0,0,0,0,0,123.210645
12,920.029175,372.693634,850.683105,375.523438,0,0,0,0,0,0.686123
13,611.899963,323.526550,541.204102,324.134521,1,1,1,0,1,0.944055
14,954.992981,350.139709,890.077148,355.718323,0,0,0,0,0,3.715844
15,611.899963,323.526550,541.204102,324.134521,1,1,1,0,1,0.944055
16,810.083252,377.369171,737.217346,379.836823,1,1,1,0,1,0.244318
17,759.910828,350.863190,689.817810,352.902710,1,1,1,0,1,0.157530
18,726.235229,346.470062,655.446899,348.952240,1,1,0,1,1,0.625231
19,816.204651,361.765381,743.776367,363.912415,1,1,1,0,1,0.005072
20,714.126526,297.729004,643.439941,299.284637,1,1,1,0,1,0.056204
21,716.395630,307.088654,646.143616,309.054382,1,1,1,0,1,0.330330
22,846.218689,477.020721,768.861694,480.408508,0,0,0,0,0,0.593517
23,805.348633,400.927673,730.980225,402.702972,1,1,1,0,1,0.605371
24,816.204651,361.765381,743.776367,363.912415,1,1,0,1,1,0.005072
25,643.346375,393.165619,568.302246,396.141876,0,0,0,0,0,0.797405
26,819.588501,394.315887,744.884033,396.548584,1,1,1,0,1,0.170529
27,806.125916,327.874054,735.627747,329.007263,1,1,1,0,1,0.755063
28,801.379456,317.352356,730.976135,319.459137,1,1,1,0,1,0.270795
29,813.034180,468.692291,736.679626,470.417969,1,1,1,0,1,0.951022
30,844.630493,447.935608,769.059631,449.876770,1,1,0,1,1,0.679507
31,654.425720,304.273956,583.875488,306.738556,0,0,0,0,0,0.932479
32,748.589722,431.801056,670.539856,433.509277,1,1,1,0,1,0.920348
33,776.598999,330.842957,708.285461,333.133606,1,1,1,0,1,0.568684
34,562.745117,486.449738,477.277618,486.099762,0,0,0,0,0,3.384102
35,768.907043,437.173370,692.230591,439.350739,1,1,1,0,1,0.403708
36,851.999878,490.953033,775.024414,493.905487,1,1,1,0,1,0.158572
37,637.288025,298.617676,567.805603,300.060883,1,1,0,1,1,0.039954
38,878.789246,434.600739,803.946289,437.116302,1,1,1,0,1,0.071491
39,907.967407,580.754150,831.614502,583.950928,1,1,1,0,1,0.359458
40,626.818115,383.885803,551.672852,385.746338,1,1,1,0,1,0.260789
41,590.112427,464.668091,510.945190,467.995087,1,1,1,0,1,0.717680
42,566.532593,308.594971,492.928192,311.603302,0,0,0,0,0,1.424824
43,630.784302,374.834290,556.057312,376.447968,1,1,0,1,1,0.450396
44,600.579895,412.103394,524.281250,414.086823,1,1,1,0,1,0.279916
45,905.500732,455.256714,831.107727,457.929932,1,1,1,0,1,0.047725
46,624.296082,434.417664,545.504456,437.326691,1,1,1,0,1,0.376328
47,890.895386,569.015625,811.259949,569.412659,0,0,0,0,0,2.647475
48,353.809052,299.888916,352.759796,304.621948,1,0,0,0,0,7.974891
49,892.449097,547.896851,810.282837,549.208862,0,0,0,0,0,1.900491
50,637.199646,318.435211,567.429688,319.845093,1,1,1,0,1,0.108542
51,709.133118,516.120728,629.989868,519.233032,1,1,0,1,1,0.267932
52,611.445679,287.115814,541.508362,289.788910,0,0,0,0,0,1.345037
53,613.844727,307.183990,541.649658,309.030457,1,1,1,0,1,0.275448
54,617.512573,414.195129,539.726257,415.704742,1,1,1,0,1,0.876585
55,627.510254,412.911713,550.825806,415.110687,1,1,1,0,1,0.129294
56,575.388794,313.542816,504.722137,315.158356,1,1,1,0,1,0.175255
57,585.378967,399.219299,507.591919,400.322235,1,1,0,1,1,1.180627
58,852.877930,516.153625,776.213257,519.150696,1,1,1,0,1,0.194347
59,334.604279,446.879456,743.773193,651.020020,0,0,0,0,0,233.493938
60,579.366272,414.625732,501.977844,416.517303,1,1,1,0,1,0.420256
61,912.685669,699.455200,957.385132,682.438904,0,0,0,0,0,11.217199
