=== RT SIFT DIAGNOSTICS ===
This report describes the selected best frame pair only.
Coordinates are undistorted display pixels: frame_B/UI-left -> frame_A/UI-right.

[SELECTED_PAIR]
video=D:\Lightglue\lg_env\SU01\model1\video_20260729_145841.mp4
frame_left_B=1
frame_right_A=0
shared_markers=1
baseline_mm=20.294784
rt_sift_role=final_rt
rt_sift_applied=True
rt_reliable=True

[PIPELINE_COUNTS]
left_keypoint_count=581
right_keypoint_count=590
left_descriptor_count=581
right_descriptor_count=590
knn_pair_count=581
ratio_pass_count=95
mutual_pass_count=95
spatially_balanced_count=70
essential_ransac_inlier_count=51
recoverpose_inlier_count=51
final_rt_sift_point_count=40
final_rt_feature_inlier_count=51
final_rt_feature_outlier_count=19

[FEATURE_QUALITY]
match_count=70
essential_inlier_count=51
inlier_count=51
inlier_ratio=0.7285714285714285
grid_coverage=0.20833333333333334
hull_coverage=0.06136038473453383
parallax_deg=8.420669408280087
homography_ratio=0.5571428571428572
planar_degenerate=False
model_epi_px=0.3588184014703248
quality_penalty=0.04166666666666666
quality_ok=True
strong=False
marker_rt_feature_epi_px=3.9318630383058055
final_feature_epi_px=0.41640737804505235
final_feature_inlier_p90_px=0.7719205104526485
final_feature_all_p90_px=1.8852683653293594
final_feature_holdout_median_px=0.5242039843024906
marker_bidir_rms_px=0.4047133453763519
marker_left_to_right_rms_px=0.4328684140311345
marker_right_to_left_rms_px=0.3744472192253628
marker_bidir_max_px=0.6254410218448806
marker_pnp_self_reproj_px=0.23530901968479156
joint_solution_role=joint_from_marker_w1
feature_rot_agreement_deg=1.9574381174798616
pair_score=0.9087966485074954
combined_score=0.34756601968900913
sharpness_min=63.91020294665359
marker_coverage=0.0003831361486845708

[ACTIVE_THRESHOLDS]
sift_max_keypoints=800
sift_contrast_threshold=0.01
match_ratio=0.75
ransac_threshold_px=0.75
min_matches=11
min_inlier_ratio=0.28
min_grid_coverage=0.16666666666666666
min_hull_coverage=0.02
min_parallax_deg=1.0
strong_inliers=40
strong_grid_coverage=0.25

final_feature_inlier_px=1.5
final_feature_p90_max_px=1.25
marker_bidir_rms_max_px=1.5
marker_bidir_point_max_px=2.0

[FINAL_RT_LEFT_TO_RIGHT]
R0=0.999938081763 -0.000953803885758 -0.0110870599163
R1=0.000918603123676 0.999994523141 -0.0031796000729
R2=0.0110900319089 0.0031692185898 0.999933481411
t_mm=-20.2605355483 1.08575038461 0.458390171355

[GRID_COUNTS_6x4]
raw_keypoints_left
     8  154    3    0    0    0
    33  374    9    0    0    0
     0    0    0    0    0    0
     0    0    0    0    0    0
raw_keypoints_right
    40  133    3    0    0    0
    76  335    3    0    0    0
     0    0    0    0    0    0
     0    0    0    0    0    0
balanced_candidates_left
     0    0    0    0    0    0
     0    0   18   13    0    0
     0    0   14   24    1    0
     0    0    0    0    0    0
balanced_candidates_right
     0    0    0    0    0    0
     0    1   24    5    0    0
     0    6   24   10    0    0
     0    0    0    0    0    0
essential_inliers_left
     0    0    0    0    0    0
     0    0   13    7    0    0
     0    0   11   19    1    0
     0    0    0    0    0    0
essential_inliers_right
     0    0    0    0    0    0
     0    0   18    2    0    0
     0    5   19    7    0    0
     0    0    0    0    0    0
recoverpose_inliers_left
     0    0    0    0    0    0
     0    0   13    7    0    0
     0    0   11   19    1    0
     0    0    0    0    0    0
recoverpose_inliers_right
     0    0    0    0    0    0
     0    0   18    2    0    0
     0    5   19    7    0    0
     0    0    0    0    0    0
joint_optimization_left
     0    0    0    0    0    0
     0    0    9    7    0    0
     0    0    8   15    1    0
     0    0    0    0    0    0
joint_optimization_right
     0    0    0    0    0    0
     0    0   14    2    0    0
     0    5   14    5    0    0
     0    0    0    0    0    0
holdout_left
     0    0    0    0    0    0
     0    0    4    0    0    0
     0    0    3    4    0    0
     0    0    0    0    0    0
holdout_right
     0    0    0    0    0    0
     0    0    4    0    0    0
     0    0    5    2    0    0
     0    0    0    0    0    0
final_rt_inliers_left
     0    0    0    0    0    0
     0    0   13    7    0    0
     0    0   11   19    1    0
     0    0    0    0    0    0
final_rt_inliers_right
     0    0    0    0    0    0
     0    0   18    2    0    0
     0    5   19    7    0    0
     0    0    0    0    0    0

[MATCH_TABLE]
index,left_x,left_y,right_x,right_y,essential_inlier,recoverpose_inlier,optimization_used,holdout,final_rt_inlier,final_epipolar_px
1,628.825012,622.341064,536.942871,625.012634,1,1,0,1,1,0.465059
2,804.772949,493.641510,729.195374,498.947266,0,0,0,0,0,2.602073
3,807.233215,543.420776,725.697449,546.672668,1,1,1,0,1,0.474971
4,648.520081,602.522095,560.083069,605.739563,1,1,1,0,1,0.230552
5,619.302795,508.852966,539.992676,511.255737,1,1,1,0,1,0.276866
6,714.855164,489.721344,633.567749,491.740479,0,0,0,0,0,0.948696
7,663.370789,617.556152,574.186584,620.469421,1,1,1,0,1,0.038429
8,612.253540,461.731873,531.477722,463.766266,1,1,0,1,1,0.771921
9,641.986694,503.348175,561.518311,506.816193,1,1,1,0,1,0.680196
10,663.075562,606.135010,573.440430,609.059265,1,1,1,0,1,0.099528
11,638.334045,615.307129,550.780334,619.763123,0,0,0,0,0,1.550984
12,718.816711,574.737000,631.637024,577.114502,1,1,1,0,1,0.592236
13,733.261230,552.657288,648.960388,555.330505,1,1,1,0,1,0.228405
14,634.246948,581.255371,546.813904,583.524292,1,1,0,1,1,0.741883
15,584.537964,469.044312,504.948303,472.686951,1,1,1,0,1,0.973633
16,690.038086,479.954437,609.871094,482.332275,1,1,1,0,1,0.513545
17,510.883301,466.325226,430.325806,468.331818,1,1,1,0,1,0.543868
18,635.737183,540.687134,553.354126,542.602356,1,1,1,0,1,0.904623
19,708.823669,551.897217,625.177795,555.142029,1,1,0,1,1,0.375348
20,756.936401,302.890442,738.083923,301.482269,0,0,0,0,0,0.662706
21,719.446411,497.938232,639.254883,500.303711,1,1,1,0,1,0.511743
22,687.332336,594.859314,598.826904,598.254822,1,1,1,0,1,0.416407
23,634.246948,581.255371,546.813904,583.524292,1,1,1,0,1,0.741883
24,694.383301,463.980377,614.804565,466.184784,1,1,1,0,1,0.700436
25,611.695312,516.591431,530.929565,520.320312,1,1,0,1,1,0.977844
26,714.855164,489.721344,633.567749,491.740479,0,0,0,0,0,0.948696
27,723.120117,489.602325,642.900452,492.547546,1,1,1,0,1,0.031601
28,785.753601,627.702698,698.787476,631.519653,0,0,0,0,0,1.264073
29,827.621094,532.048035,746.931213,535.099792,1,1,1,0,1,0.253129
30,700.316650,598.800903,611.244629,602.016418,1,1,1,0,1,0.236556
31,673.913696,564.211670,592.192749,566.827087,1,1,1,0,1,0.101382
32,731.040466,561.571716,645.316528,564.298889,1,1,0,1,1,0.215356
33,903.499939,590.130554,824.307190,592.041321,1,1,1,0,1,0.303454
34,690.902222,602.057800,602.192505,604.438110,1,1,1,0,1,0.574836
35,700.205139,619.298340,607.897888,619.061646,0,0,0,0,0,3.299653
36,621.745850,597.195740,534.545044,600.085449,1,1,1,0,1,0.071472
37,494.597351,554.584717,406.421417,557.457947,1,1,1,0,1,0.223047
38,626.083679,450.148041,546.183594,452.769073,1,1,0,1,1,0.173234
39,454.299652,708.968140,360.859528,712.014526,1,1,1,0,1,0.410849
40,619.234314,401.401306,544.734497,404.075378,1,1,1,0,1,0.233583
41,700.205139,619.298340,607.897888,619.061646,0,0,0,0,0,3.299653
42,548.845886,453.804535,470.489502,455.734802,1,1,1,0,1,0.562318
43,681.432068,499.813965,601.049500,503.270966,1,1,1,0,1,0.618325
44,678.908264,595.771057,590.415405,598.112244,1,1,0,1,1,0.642643
45,702.235291,536.538269,618.322937,539.559021,1,1,1,0,1,0.074707
46,610.302795,449.341949,530.406616,452.195190,1,1,1,0,1,0.098796
47,466.340698,427.715973,384.502869,432.385071,0,0,0,0,0,2.253492
48,709.191711,599.334717,619.341370,603.278259,1,1,1,0,1,0.934363
49,675.217773,533.274902,594.757385,535.708130,1,1,1,0,1,0.308159
50,766.829834,620.627563,678.172974,623.838135,1,1,0,1,1,0.478373
51,593.670044,541.386230,529.050537,530.801758,0,0,0,0,0,12.306768
52,658.327393,755.283691,561.735535,758.589233,0,0,0,0,0,0.643088
53,797.501465,624.749451,709.950562,628.393188,0,0,0,0,0,1.061164
54,550.254333,492.432465,469.875366,494.819153,1,1,1,0,1,0.264692
55,727.689331,506.855377,645.892029,510.172974,1,1,1,0,1,0.367698
56,755.020813,642.243835,664.372314,645.510681,1,1,1,0,1,0.542617
57,522.513733,447.449799,443.495850,447.479584,0,0,0,0,0,2.416887
58,553.064575,436.304779,475.114197,438.542053,1,1,1,0,1,0.223699
59,786.159607,511.886169,705.722961,516.617981,0,0,0,0,0,1.844355
60,541.185059,441.031372,465.650299,442.780762,1,1,0,1,1,0.524204
61,585.145264,491.472046,503.409546,495.641632,0,0,0,0,0,1.370925
62,483.555573,620.356201,392.316132,622.370728,0,0,0,0,0,1.281238
63,821.150818,478.190277,743.640503,479.316467,0,0,0,0,0,1.803452
64,471.134857,636.249512,378.095551,640.703125,1,1,1,0,1,1.037930
65,464.993530,618.462524,372.813660,621.707947,1,1,1,0,1,0.124606
66,436.767517,590.650208,344.923798,594.725464,1,1,1,0,1,0.729087
67,557.968567,481.453522,478.018982,481.632080,0,0,0,0,0,2.451358
68,592.131042,504.581512,510.984863,507.750275,1,1,1,0,1,0.405617
69,585.145264,491.472046,503.409546,495.641632,0,0,0,0,0,1.370925
70,548.545654,440.705505,465.650299,442.780762,1,1,0,1,1,0.694908
