=== RT SIFT DIAGNOSTICS ===
This report describes the selected best frame pair only.
Coordinates are undistorted display pixels: frame_B/UI-left -> frame_A/UI-right.

[SELECTED_PAIR]
video=D:\Lightglue\lg_env\SU01\model1\video_20260729_144319.mp4
frame_left_B=1
frame_right_A=0
shared_markers=1
baseline_mm=19.857589
rt_sift_role=final_rt
rt_sift_applied=True
rt_reliable=True

[PIPELINE_COUNTS]
left_keypoint_count=499
right_keypoint_count=498
left_descriptor_count=499
right_descriptor_count=498
knn_pair_count=499
ratio_pass_count=127
mutual_pass_count=125
spatially_balanced_count=63
essential_ransac_inlier_count=45
recoverpose_inlier_count=45
final_rt_sift_point_count=36
final_rt_feature_inlier_count=43
final_rt_feature_outlier_count=20

[FEATURE_QUALITY]
match_count=63
essential_inlier_count=45
inlier_count=45
inlier_ratio=0.7142857142857143
grid_coverage=0.16666666666666666
hull_coverage=0.07064398972118865
parallax_deg=8.306733769885815
homography_ratio=0.7142857142857143
planar_degenerate=False
model_epi_px=0.4704521047738908
quality_penalty=0.08333333333333334
quality_ok=True
strong=False
marker_rt_feature_epi_px=5.371518058020337
final_feature_epi_px=0.6128550613718055
final_feature_inlier_p90_px=1.117694392206106
final_feature_all_p90_px=32.37927495876207
final_feature_holdout_median_px=0.37149278954026077
marker_bidir_rms_px=0.2221469086377834
marker_left_to_right_rms_px=0.22273813185815927
marker_right_to_left_rms_px=0.22155410772762632
marker_bidir_max_px=0.41398573569697694
marker_pnp_self_reproj_px=0.052370451390743256
joint_solution_role=joint_from_marker_w12
feature_rot_agreement_deg=4.690854621499944
pair_score=0.6756592938923368
combined_score=0.436374079372396
sharpness_min=59.22336952585668
marker_coverage=0.0010139801895263645

[ACTIVE_THRESHOLDS]
sift_max_keypoints=800
sift_contrast_threshold=0.01
match_ratio=0.75
ransac_threshold_px=0.75
min_matches=11
min_inlier_ratio=0.28
min_grid_coverage=0.16666666666666666
min_hull_coverage=0.02
min_parallax_deg=1.0
strong_inliers=40
strong_grid_coverage=0.25

final_feature_inlier_px=1.5
final_feature_p90_max_px=1.25
marker_bidir_rms_max_px=1.5
marker_bidir_point_max_px=2.0

[FINAL_RT_LEFT_TO_RIGHT]
R0=0.999990088745 -0.00105117541903 -0.00432636599719
R1=0.00105045086427 0.99999943387 -0.000169743140921
R2=0.00432654197772 0.000165196823652 0.999990626828
t_mm=-19.8442917425 0.623837906097 -0.372493972153

[GRID_COUNTS_6x4]
raw_keypoints_left
    13  308   73    0    0    0
     8   91    6    0    0    0
     0    0    0    0    0    0
     0    0    0    0    0    0
raw_keypoints_right
    13  367    9    0    0    0
     4  101    4    0    0    0
     0    0    0    0    0    0
     0    0    0    0    0    0
balanced_candidates_left
     0    0    0    0    0    0
     0    1   15   24    6    0
     0    1    8    8    0    0
     0    0    0    0    0    0
balanced_candidates_right
     0    0    0    0    0    0
     0    2   22   24    1    0
     0    1   11    2    0    0
     0    0    0    0    0    0
essential_inliers_left
     0    0    0    0    0    0
     0    0   12   20    5    0
     0    0    4    4    0    0
     0    0    0    0    0    0
essential_inliers_right
     0    0    0    0    0    0
     0    0   18   19    0    0
     0    0    7    1    0    0
     0    0    0    0    0    0
recoverpose_inliers_left
     0    0    0    0    0    0
     0    0   12   20    5    0
     0    0    4    4    0    0
     0    0    0    0    0    0
recoverpose_inliers_right
     0    0    0    0    0    0
     0    0   18   19    0    0
     0    0    7    1    0    0
     0    0    0    0    0    0
joint_optimization_left
     0    0    0    0    0    0
     0    0   10   14    4    0
     0    0    4    4    0    0
     0    0    0    0    0    0
joint_optimization_right
     0    0    0    0    0    0
     0    0   15   13    0    0
     0    0    7    1    0    0
     0    0    0    0    0    0
holdout_left
     0    0    0    0    0    0
     0    0    2    6    1    0
     0    0    0    0    0    0
     0    0    0    0    0    0
holdout_right
     0    0    0    0    0    0
     0    0    3    6    0    0
     0    0    0    0    0    0
     0    0    0    0    0    0
final_rt_inliers_left
     0    0    0    0    0    0
     0    0   12   19    4    0
     0    0    4    4    0    0
     0    0    0    0    0    0
final_rt_inliers_right
     0    0    0    0    0    0
     0    0   18   17    0    0
     0    0    7    1    0    0
     0    0    0    0    0    0

[MATCH_TABLE]
index,left_x,left_y,right_x,right_y,essential_inlier,recoverpose_inlier,optimization_used,holdout,final_rt_inlier,final_epipolar_px
1,923.100586,462.558655,845.159607,463.549347,1,1,0,1,0,1.825902
2,797.875061,431.320679,720.487000,433.234344,1,1,1,0,1,0.612855
3,523.509338,546.736694,866.181335,371.921021,0,0,0,0,0,162.770639
4,911.075317,452.590179,835.008850,454.029938,1,1,1,0,1,1.283786
5,717.428162,339.539825,644.198303,341.119873,1,1,1,0,1,0.398846
6,700.142944,346.044281,624.391968,348.053772,1,1,1,0,1,0.013773
7,818.318176,367.952759,743.128296,369.954468,1,1,0,1,1,0.371493
8,840.350220,363.669403,765.284851,365.927795,1,1,1,0,1,0.159077
9,898.059448,439.035614,821.116333,442.056519,0,0,0,0,0,0.305073
10,911.075317,452.590179,835.008850,454.029938,1,1,1,0,1,1.283786
11,786.470703,455.511383,705.441528,457.781647,0,0,0,0,0,0.410977
12,576.377808,502.463013,491.518616,504.480103,1,1,1,0,1,0.615707
13,580.584106,660.660339,489.959991,664.271240,0,0,0,0,0,0.051920
14,821.031799,431.575226,743.524841,432.271088,1,1,1,0,0,1.878264
15,840.350220,363.669403,765.284851,365.927795,1,1,0,1,1,0.159077
16,608.444153,419.797821,528.894592,420.844086,1,1,1,0,1,1.121176
17,760.173828,364.931213,685.756226,367.508057,1,1,1,0,1,0.379958
18,664.286377,300.393158,592.980774,303.083679,1,1,1,0,1,1.040453
19,818.485352,409.993927,741.407654,412.633881,0,0,0,0,0,0.124474
20,827.730774,390.294891,751.819092,392.614380,1,1,1,0,1,0.141461
21,837.853882,409.440887,760.334106,411.312866,1,1,0,1,1,0.696555
22,646.221069,548.813354,561.648621,552.346252,1,1,1,0,1,0.631988
23,714.803650,263.279388,700.487671,257.459961,0,0,0,0,0,6.046809
24,608.444153,419.797821,528.894592,420.844086,1,1,1,0,1,1.121176
25,649.877502,514.206299,564.645325,515.771790,1,1,1,0,1,1.229485
26,382.662109,367.667206,436.900482,291.349548,0,0,0,0,0,73.655829
27,873.151062,450.954926,794.194031,452.686920,1,1,1,0,1,1.021303
28,791.198059,321.052673,717.305786,323.256073,1,1,0,1,1,0.038028
29,618.514954,399.089264,540.558228,400.515564,1,1,1,0,1,0.634585
30,733.586853,447.509521,654.277100,449.185577,1,1,1,0,1,0.830862
31,878.534912,321.902924,807.901367,325.246460,1,1,1,0,1,1.013220
32,798.322021,317.130676,725.924988,319.401886,1,1,1,0,1,0.134979
33,796.824341,395.185883,720.152344,398.640686,0,0,0,0,0,1.029309
34,842.744812,399.679535,765.899170,402.083496,1,1,0,1,1,0.137137
35,704.410522,329.851471,631.174194,331.715576,1,1,1,0,1,0.050608
36,675.797729,369.122406,600.067871,371.512299,1,1,1,0,1,0.359138
37,638.469482,374.859009,561.703735,377.950195,1,1,1,0,1,1.103767
38,804.870544,404.550873,728.748962,407.218384,1,1,1,0,1,0.222632
39,633.474976,381.406006,556.745056,383.035034,1,1,0,1,1,0.365085
40,691.379089,387.686432,614.871155,389.009064,1,1,1,0,1,0.827260
41,790.787415,559.707031,709.707336,562.012634,1,1,1,0,1,0.627251
42,535.951538,627.060425,446.912262,631.099670,1,1,1,0,1,0.709291
43,667.900146,572.972900,584.357605,574.253113,0,0,0,0,0,1.682957
44,637.791870,354.170746,560.310120,356.075592,1,1,1,0,1,0.024218
45,689.134460,356.387238,614.334045,359.051422,1,1,0,1,1,0.665694
46,585.479431,516.017883,501.557343,518.450134,1,1,1,0,1,0.240050
47,341.490784,687.564148,333.166992,378.489502,0,0,0,0,0,308.574360
48,769.540649,615.713196,694.611511,617.126648,0,0,0,0,0,1.394193
49,710.391479,648.484436,625.796814,652.573303,1,1,1,0,1,0.811668
50,578.987732,411.037781,500.530884,412.535492,1,1,1,0,1,0.535382
51,626.849060,509.029907,542.651672,512.709045,0,0,0,0,0,0.966158
52,627.863953,399.444733,550.242004,401.848816,1,1,1,0,1,0.327983
53,762.302063,712.225830,438.096130,268.353333,0,0,0,0,0,454.687337
54,615.190979,377.450165,537.851196,378.548828,1,1,0,1,1,0.851764
55,633.460144,424.631958,554.101440,426.641724,1,1,1,0,1,0.226158
56,635.804199,361.741577,559.467712,364.562866,1,1,1,0,1,0.901638
57,639.927734,585.252380,613.769531,547.023071,0,0,0,0,0,38.962391
58,630.422180,528.378479,544.581421,530.994446,1,1,1,0,1,0.233172
59,458.492371,530.362671,379.317352,527.899414,0,0,0,0,0,4.851168
60,563.622864,423.235626,484.718018,427.703766,0,0,0,0,0,2.395193
61,619.492249,567.826233,531.273682,570.365723,1,1,1,0,1,0.543527
62,762.302063,712.225830,331.851929,279.675903,0,0,0,0,0,447.118766
63,584.241394,384.284454,505.169495,441.273224,0,0,0,0,0,54.891569
