=== RT SIFT DIAGNOSTICS ===
This report describes the selected best frame pair only.
Coordinates are undistorted display pixels: frame_B/UI-left -> frame_A/UI-right.

[SELECTED_PAIR]
video=D:\Lightglue\lg_env\SU01\model1\video_20260729_144421.mp4
frame_left_B=1
frame_right_A=0
shared_markers=1
baseline_mm=20.300358
rt_sift_role=final_rt
rt_sift_applied=True
rt_reliable=True

[PIPELINE_COUNTS]
left_keypoint_count=476
right_keypoint_count=498
left_descriptor_count=476
right_descriptor_count=498
knn_pair_count=476
ratio_pass_count=113
mutual_pass_count=108
spatially_balanced_count=53
essential_ransac_inlier_count=33
recoverpose_inlier_count=32
final_rt_sift_point_count=25
final_rt_feature_inlier_count=29
final_rt_feature_outlier_count=24

[FEATURE_QUALITY]
match_count=53
essential_inlier_count=33
inlier_count=32
inlier_ratio=0.6037735849056604
grid_coverage=0.20833333333333334
hull_coverage=0.056938859704158774
parallax_deg=8.686637905285906
homography_ratio=0.6226415094339622
planar_degenerate=False
model_epi_px=0.3866081558229404
quality_penalty=0.04166666666666666
quality_ok=True
strong=False
marker_rt_feature_epi_px=4.837013294781293
final_feature_epi_px=0.27707113712943165
final_feature_inlier_p90_px=1.0264733013209493
final_feature_all_p90_px=104.51150679037991
final_feature_holdout_median_px=0.7302241662343327
marker_bidir_rms_px=0.21030481547430374
marker_left_to_right_rms_px=0.2133720144929103
marker_right_to_left_rms_px=0.20719221571912197
marker_bidir_max_px=0.38804994412533506
marker_pnp_self_reproj_px=0.038686852902173996
joint_solution_role=joint_from_marker_w12
feature_rot_agreement_deg=4.130561624017697
pair_score=0.7568291215033558
combined_score=0.3937656271640299
sharpness_min=47.30081553631404
marker_coverage=0.0010152494219511255

[ACTIVE_THRESHOLDS]
sift_max_keypoints=800
sift_contrast_threshold=0.01
match_ratio=0.75
ransac_threshold_px=0.75
min_matches=11
min_inlier_ratio=0.28
min_grid_coverage=0.16666666666666666
min_hull_coverage=0.02
min_parallax_deg=1.0
strong_inliers=40
strong_grid_coverage=0.25

final_feature_inlier_px=1.5
final_feature_p90_max_px=1.25
marker_bidir_rms_max_px=1.5
marker_bidir_point_max_px=2.0

[FINAL_RT_LEFT_TO_RIGHT]
R0=0.999999357438 -0.00109388243126 -0.000297563472289
R1=0.00109430767049 0.999998374956 0.0014326814638
R2=0.000295995803652 -0.0014330061692 0.999998929439
t_mm=-20.2912529164 0.361576056697 -0.488728591309

[GRID_COUNTS_6x4]
raw_keypoints_left
    18  284   99    0    0    0
     9   42   24    0    0    0
     0    0    0    0    0    0
     0    0    0    0    0    0
raw_keypoints_right
    11  364   53    0    0    0
    11   50    9    0    0    0
     0    0    0    0    0    0
     0    0    0    0    0    0
balanced_candidates_left
     0    0    0    1    0    0
     0    3    4   24   15    0
     0    2    2    0    2    0
     0    0    0    0    0    0
balanced_candidates_right
     0    0    0    0    0    0
     0    2   16   24    6    0
     0    1    2    2    0    0
     0    0    0    0    0    0
essential_inliers_left
     0    0    0    1    0    0
     0    0    2   15   13    0
     0    0    1    0    1    0
     0    0    0    0    0    0
essential_inliers_right
     0    0    0    0    0    0
     0    0    9   19    3    0
     0    0    1    1    0    0
     0    0    0    0    0    0
recoverpose_inliers_left
     0    0    0    0    0    0
     0    0    2   15   13    0
     0    0    1    0    1    0
     0    0    0    0    0    0
recoverpose_inliers_right
     0    0    0    0    0    0
     0    0    9   18    3    0
     0    0    1    1    0    0
     0    0    0    0    0    0
joint_optimization_left
     0    0    0    0    0    0
     0    0    2   11   11    0
     0    0    1    0    0    0
     0    0    0    0    0    0
joint_optimization_right
     0    0    0    0    0    0
     0    0    8   14    2    0
     0    0    1    0    0    0
     0    0    0    0    0    0
holdout_left
     0    0    0    0    0    0
     0    0    0    4    2    0
     0    0    0    0    1    0
     0    0    0    0    0    0
holdout_right
     0    0    0    0    0    0
     0    0    1    4    1    0
     0    0    0    1    0    0
     0    0    0    0    0    0
final_rt_inliers_left
     0    0    0    0    0    0
     0    0    2   15   11    0
     0    0    1    0    0    0
     0    0    0    0    0    0
final_rt_inliers_right
     0    0    0    0    0    0
     0    0    9   17    2    0
     0    0    1    0    0    0
     0    0    0    0    0    0

[MATCH_TABLE]
index,left_x,left_y,right_x,right_y,essential_inlier,recoverpose_inlier,optimization_used,holdout,final_rt_inlier,final_epipolar_px
1,896.530579,567.588318,810.737732,568.185913,1,1,0,1,0,2.399944
2,586.036316,541.689819,496.395477,543.225891,1,1,1,0,1,1.023593
3,816.059387,320.972443,741.266235,322.890076,1,1,1,0,1,0.097164
4,782.890137,310.028137,708.904053,312.042206,1,1,1,0,1,0.277071
5,873.665344,428.285217,795.587036,430.344391,1,1,1,0,1,0.210751
6,887.782471,424.029297,810.248230,425.639221,1,1,0,1,1,0.655175
7,680.812439,340.179413,605.778748,342.046844,1,1,1,0,1,0.178647
8,412.804321,261.035431,380.410400,377.780426,0,0,0,0,0,115.916630
9,770.746033,322.650574,696.784424,324.744385,1,1,1,0,1,0.340508
10,852.302002,328.155731,779.274475,330.092072,1,1,1,0,1,0.065698
11,661.600586,336.855164,587.229736,337.901825,1,1,1,0,1,0.597252
12,803.927612,343.613525,732.249634,345.052063,1,1,0,1,1,0.389873
13,873.665344,428.285217,795.587036,430.344391,1,1,1,0,1,0.210751
14,887.782471,424.029297,810.248230,425.639221,1,1,1,0,1,0.655175
15,876.945312,411.270630,800.271606,413.311005,1,1,1,0,1,0.155536
16,897.015686,484.350739,816.310547,485.385742,1,1,1,0,0,1.511911
17,776.932922,340.893768,702.153259,343.445801,1,1,0,1,1,0.730224
18,849.690491,354.347656,776.270081,357.412109,0,0,0,0,0,1.120356
19,875.015930,332.906860,802.212097,335.036194,1,1,1,0,1,0.217010
20,696.963074,470.713593,614.793762,473.234039,0,0,0,0,0,0.262295
21,791.279785,323.081696,718.326477,324.858307,1,1,1,0,1,0.004958
22,793.358276,272.257874,798.746155,280.683228,0,0,0,0,0,7.429723
23,359.906281,374.948578,947.210205,366.067688,0,0,0,0,0,1.570101
24,891.431030,404.732300,814.380554,405.884827,1,1,1,0,1,1.046127
25,868.073792,348.917480,794.077209,350.892365,1,1,1,0,1,0.015105
26,576.785767,324.037140,675.383789,264.954376,0,0,0,0,0,58.891014
27,792.273254,394.068176,718.492798,396.198486,1,1,0,1,1,0.145824
28,858.745789,323.440582,786.304688,325.890961,1,1,1,0,1,0.588781
29,794.027466,255.635345,790.900208,261.498047,1,0,0,0,0,4.773140
30,806.319763,335.275726,734.265442,338.467743,0,0,0,0,0,1.375529
31,834.601196,504.307343,758.219055,508.702118,0,0,0,0,0,1.932505
32,685.712830,444.783936,605.362488,448.674988,0,0,0,0,0,1.774943
33,667.853516,449.817627,588.186646,451.219818,1,1,1,0,1,0.691831
34,391.678223,698.903198,437.894379,268.245117,0,0,0,0,0,430.200415
35,346.638123,378.413422,365.716187,697.821716,0,0,0,0,0,319.328058
36,710.268372,424.382385,630.510376,427.069641,0,0,0,0,0,0.623390
37,391.678223,698.903198,437.894379,268.245117,0,0,0,0,0,430.200415
38,699.212646,331.068695,626.952698,332.619415,1,1,1,0,1,0.106394
39,625.998840,484.703705,542.867676,485.899261,1,1,1,0,1,1.037993
40,884.855591,670.102539,421.143005,375.852081,0,0,0,0,0,304.872793
41,956.108887,437.761108,878.408264,440.605377,0,0,0,0,0,0.436112
42,656.221985,313.080750,583.665039,315.490540,1,1,0,1,1,0.855503
43,677.729126,395.538940,600.697388,400.961334,0,0,0,0,0,3.536735
44,699.212646,331.068695,626.952698,332.619415,1,1,1,0,1,0.106394
45,640.465454,289.172394,567.132751,290.232178,0,0,0,0,0,0.416725
46,695.870850,457.990570,614.866272,459.714844,1,1,1,0,1,0.461402
47,614.209106,427.581909,531.608398,429.546051,1,1,1,0,1,0.024920
48,955.879456,496.683533,876.033325,497.797943,1,1,1,0,0,1.540947
49,933.038269,431.011780,856.453796,432.028290,1,1,0,1,1,1.316315
50,948.713135,422.301331,873.595459,424.739258,1,1,1,0,1,0.133395
51,567.224182,401.553772,843.483643,547.582092,0,0,0,0,0,150.456429
52,930.962280,365.481140,857.995544,368.542694,0,0,0,0,0,0.980772
53,586.118042,737.389465,474.952179,746.327759,0,0,0,0,0,4.669104
