=== RT SIFT DIAGNOSTICS ===
This report describes the selected best frame pair only.
Coordinates are undistorted display pixels: frame_B/UI-left -> frame_A/UI-right.

[SELECTED_PAIR]
video=D:\Lightglue\lg_env\SU01\model1\video_20260729_150023.mp4
frame_left_B=1
frame_right_A=0
shared_markers=1
baseline_mm=20.007404
rt_sift_role=final_rt
rt_sift_applied=True
rt_reliable=True

[PIPELINE_COUNTS]
left_keypoint_count=580
right_keypoint_count=572
left_descriptor_count=580
right_descriptor_count=572
knn_pair_count=580
ratio_pass_count=115
mutual_pass_count=113
spatially_balanced_count=73
essential_ransac_inlier_count=51
recoverpose_inlier_count=51
final_rt_sift_point_count=40
final_rt_feature_inlier_count=46
final_rt_feature_outlier_count=27

[FEATURE_QUALITY]
match_count=73
essential_inlier_count=51
inlier_count=51
inlier_ratio=0.6986301369863014
grid_coverage=0.16666666666666666
hull_coverage=0.049642319343930194
parallax_deg=6.658213513612583
homography_ratio=0.6164383561643836
planar_degenerate=False
model_epi_px=0.30414302074479654
quality_penalty=0.08333333333333334
quality_ok=True
strong=False
marker_rt_feature_epi_px=3.619828019466639
final_feature_epi_px=0.4373459702729475
final_feature_inlier_p90_px=0.9129257873749449
final_feature_all_p90_px=5.980421319372809
final_feature_holdout_median_px=0.4594402570399146
marker_bidir_rms_px=0.39525467798307334
marker_left_to_right_rms_px=0.4244237566525142
marker_right_to_left_rms_px=0.3637540319006422
marker_bidir_max_px=0.6014121374240495
marker_pnp_self_reproj_px=0.2383890450000763
joint_solution_role=joint_from_marker_w12
feature_rot_agreement_deg=2.7302707740036554
pair_score=0.9749650928397402
combined_score=0.38236364168610687
sharpness_min=53.93190107039177
marker_coverage=0.0003830943613934323

[ACTIVE_THRESHOLDS]
sift_max_keypoints=800
sift_contrast_threshold=0.01
match_ratio=0.75
ransac_threshold_px=0.75
min_matches=11
min_inlier_ratio=0.28
min_grid_coverage=0.16666666666666666
min_hull_coverage=0.02
min_parallax_deg=1.0
strong_inliers=40
strong_grid_coverage=0.25

final_feature_inlier_px=1.5
final_feature_p90_max_px=1.25
marker_bidir_rms_max_px=1.5
marker_bidir_point_max_px=2.0

[FINAL_RT_LEFT_TO_RIGHT]
R0=0.999916063951 0.000156006488622 -0.0129553353944
R1=-0.00018584958954 0.999997332283 -0.00230236552828
R2=0.0129549416493 0.00230458002058 0.999913425451
t_mm=-19.9753484183 0.869354996342 0.725188441849

[GRID_COUNTS_6x4]
raw_keypoints_left
    51  169    2    0    0    0
    34  323    1    0    0    0
     0    0    0    0    0    0
     0    0    0    0    0    0
raw_keypoints_right
    75  123    3    0    0    0
    67  302    2    0    0    0
     0    0    0    0    0    0
     0    0    0    0    0    0
balanced_candidates_left
     0    0    0    0    0    0
     0    0   24    5    0    0
     0    4   22   18    0    0
     0    0    0    0    0    0
balanced_candidates_right
     0    0    0    0    0    0
     0    9   18    1    0    0
     0    9   24   12    0    0
     0    0    0    0    0    0
essential_inliers_left
     0    0    0    0    0    0
     0    0   18    5    0    0
     0    0   15   13    0    0
     0    0    0    0    0    0
essential_inliers_right
     0    0    0    0    0    0
     0    5   17    1    0    0
     0    4   19    5    0    0
     0    0    0    0    0    0
recoverpose_inliers_left
     0    0    0    0    0    0
     0    0   18    5    0    0
     0    0   15   13    0    0
     0    0    0    0    0    0
recoverpose_inliers_right
     0    0    0    0    0    0
     0    5   17    1    0    0
     0    4   19    5    0    0
     0    0    0    0    0    0
joint_optimization_left
     0    0    0    0    0    0
     0    0   14    5    0    0
     0    0    9   12    0    0
     0    0    0    0    0    0
joint_optimization_right
     0    0    0    0    0    0
     0    5   13    1    0    0
     0    2   14    5    0    0
     0    0    0    0    0    0
holdout_left
     0    0    0    0    0    0
     0    0    4    0    0    0
     0    0    6    1    0    0
     0    0    0    0    0    0
holdout_right
     0    0    0    0    0    0
     0    0    4    0    0    0
     0    2    5    0    0    0
     0    0    0    0    0    0
final_rt_inliers_left
     0    0    0    0    0    0
     0    0   18    5    0    0
     0    0   10   13    0    0
     0    0    0    0    0    0
final_rt_inliers_right
     0    0    0    0    0    0
     0    5   17    1    0    0
     0    3   15    5    0    0
     0    0    0    0    0    0

[MATCH_TABLE]
index,left_x,left_y,right_x,right_y,essential_inlier,recoverpose_inlier,optimization_used,holdout,final_rt_inlier,final_epipolar_px
1,342.112061,584.113403,335.635834,376.758179,0,0,0,0,0,205.318194
2,568.114258,608.044495,477.608459,611.171570,1,1,0,1,1,0.459440
3,586.668274,431.579224,507.817352,434.284729,1,1,1,0,1,0.196508
4,466.762360,325.198792,406.482758,319.467468,0,0,0,0,0,6.487660
5,757.272888,548.880920,678.093445,551.124084,1,1,1,0,1,0.177799
6,583.300842,442.915100,503.839752,444.952148,1,1,1,0,1,0.482295
7,568.114258,608.044495,477.608459,611.171570,1,1,1,0,1,0.459440
8,567.696533,620.469055,475.528351,623.440430,0,0,0,0,0,0.275490
9,595.780762,604.695923,505.199310,608.298584,1,1,0,1,1,0.996044
10,395.792023,633.488159,349.818329,685.880981,0,0,0,0,0,50.924958
11,533.158691,598.553772,441.705658,602.892517,1,1,1,0,0,1.512987
12,663.189453,542.361328,577.619690,544.878357,1,1,1,0,1,0.015831
13,810.769348,578.063965,729.779663,580.278809,1,1,1,0,1,0.407686
14,514.679260,400.079346,436.977173,401.911682,1,1,1,0,1,0.429511
15,601.957520,454.630371,521.355225,456.928558,1,1,0,1,1,0.291481
16,485.279968,309.278168,735.986938,514.045349,0,0,0,0,0,221.091071
17,740.160156,569.314270,656.777161,571.206055,1,1,1,0,1,0.253183
18,469.791748,394.137146,392.797760,395.238312,1,1,1,0,1,0.957709
19,752.964722,480.422821,676.412476,482.740295,1,1,1,0,1,0.074231
20,664.204712,483.097687,583.605957,486.177185,1,1,1,0,1,0.523973
21,520.694214,598.950806,430.002197,603.342041,1,1,0,1,0,1.568897
22,632.689331,589.793640,543.587158,592.768494,1,1,1,0,1,0.459871
23,577.815186,464.045227,499.847382,467.101501,1,1,1,0,1,0.655582
24,566.676880,520.163086,485.068726,521.481812,0,0,0,0,0,1.171741
25,726.258240,747.129517,645.264587,737.291260,0,0,0,0,0,10.648000
26,671.285767,493.002838,590.067871,496.194611,1,1,1,0,1,0.645068
27,652.908691,540.696289,567.878052,542.672485,1,1,1,0,1,0.551659
28,437.396118,658.163635,344.021332,659.245239,0,0,0,0,0,2.041461
29,674.539795,512.464600,592.334717,515.485046,1,1,0,1,1,0.514163
30,498.181458,412.892426,419.483978,415.077942,1,1,1,0,1,0.098740
31,601.463928,437.952820,521.879456,440.082916,1,1,1,0,1,0.437346
32,619.256714,556.140442,534.807251,557.903931,0,0,0,0,0,0.714879
33,460.424408,705.149902,364.024048,709.069214,0,0,0,0,0,0.836683
34,666.577576,507.980408,583.511719,510.265533,1,1,1,0,1,0.288279
35,414.237549,537.878540,326.226440,540.571167,0,0,0,0,0,0.166056
36,629.130737,669.302551,533.352783,673.357971,1,1,1,0,0,1.686920
37,606.114197,481.090820,527.866516,483.337006,1,1,0,1,1,0.163076
38,623.538391,450.024780,544.906860,452.205933,1,1,1,0,1,0.343143
39,588.911926,575.416077,502.093445,578.290710,1,1,1,0,1,0.307354
40,564.431702,526.275635,498.767334,524.024231,0,0,0,0,0,3.951465
41,657.235413,475.738892,576.263916,477.686737,1,1,1,0,1,0.653503
42,486.276703,302.873749,753.124390,557.939880,0,0,0,0,0,271.754886
43,550.253418,463.870392,470.838654,464.641815,0,0,0,0,0,1.670310
44,588.481384,593.524719,499.693970,595.894836,0,0,0,0,0,0.222369
45,702.763550,565.065552,617.783936,566.772400,1,1,1,0,1,0.612849
46,601.463928,437.952820,521.879456,440.082916,1,1,0,1,1,0.437346
47,469.446808,465.515747,387.199371,468.156555,1,1,1,0,1,0.155622
48,702.763550,565.065552,617.783936,566.772400,1,1,1,0,1,0.612849
49,656.712708,520.849731,575.131226,523.589478,1,1,1,0,1,0.293074
50,590.338867,494.234528,512.236572,497.327637,1,1,1,0,1,0.727501
51,543.148132,594.487366,453.622650,599.003174,1,1,0,1,0,1.787774
52,471.675171,427.326233,390.316101,430.715607,0,0,0,0,0,1.001484
53,619.319397,390.461273,545.696838,392.990082,1,1,1,0,1,0.173921
54,569.785889,596.638672,479.960724,600.738708,1,1,1,0,1,1.429153
55,552.497314,411.871338,474.718201,413.982178,1,1,1,0,1,0.271490
56,464.098755,454.285736,382.356964,455.860718,1,1,1,0,1,0.855882
57,497.137421,553.319153,407.795197,556.349915,1,1,0,1,1,0.164094
58,469.791748,394.137146,392.797760,395.238312,1,1,1,0,1,0.957709
59,660.821716,654.796692,568.175903,657.604004,1,1,1,0,1,0.605088
60,672.025879,546.209473,586.993408,547.819702,1,1,1,0,1,0.868143
61,593.748657,574.403992,507.507721,577.261353,1,1,1,0,1,0.321777
62,463.076782,503.276703,377.781982,503.575348,0,0,0,0,0,2.375977
63,829.055969,626.546570,734.915649,636.345459,0,0,0,0,0,8.003575
64,582.215637,492.369415,504.804138,494.576141,1,1,0,1,1,0.123680
65,760.797607,691.303467,676.142578,695.425110,0,0,0,0,0,2.978821
66,771.927429,694.934204,687.979370,698.659607,0,0,0,0,0,2.699014
67,493.551483,569.213440,403.893982,572.756348,1,1,1,0,1,0.670295
68,414.007782,579.207947,323.121216,582.264404,0,0,0,0,0,0.002994
69,728.047424,560.250488,645.596802,562.374939,1,1,1,0,1,0.063389
70,725.026917,738.635986,674.109802,681.402893,0,0,0,0,0,57.241119
71,730.750977,630.609985,643.096069,632.284912,1,1,1,0,1,0.227078
72,512.810669,559.914490,422.727448,563.778992,1,1,1,0,1,0.989024
73,514.269653,606.511230,423.174042,611.590088,1,1,0,1,0,2.237761
