=== RT SIFT DIAGNOSTICS ===
This report describes the selected best frame pair only.
Coordinates are undistorted display pixels: frame_B/UI-left -> frame_A/UI-right.

[SELECTED_PAIR]
video=D:\Lightglue\lg_env\SU01\model1\video_20260729_144213.mp4
frame_left_B=1
frame_right_A=0
shared_markers=1
baseline_mm=20.321591
rt_sift_role=final_rt
rt_sift_applied=True
rt_reliable=True

[PIPELINE_COUNTS]
left_keypoint_count=551
right_keypoint_count=546
left_descriptor_count=551
right_descriptor_count=546
knn_pair_count=551
ratio_pass_count=105
mutual_pass_count=103
spatially_balanced_count=56
essential_ransac_inlier_count=40
recoverpose_inlier_count=40
final_rt_sift_point_count=32
final_rt_feature_inlier_count=39
final_rt_feature_outlier_count=17

[FEATURE_QUALITY]
match_count=56
essential_inlier_count=40
inlier_count=40
inlier_ratio=0.7142857142857143
grid_coverage=0.16666666666666666
hull_coverage=0.04693389923937943
parallax_deg=13.044345452092971
homography_ratio=0.7142857142857143
planar_degenerate=False
model_epi_px=0.4148636556718623
quality_penalty=0.08333333333333334
quality_ok=True
strong=False
marker_rt_feature_epi_px=6.011336898801098
final_feature_epi_px=0.48420604356080743
final_feature_inlier_p90_px=0.8776262314300394
final_feature_all_p90_px=5.250812283262292
final_feature_holdout_median_px=0.24088446209404385
marker_bidir_rms_px=0.22582523708025812
marker_left_to_right_rms_px=0.21409804579925637
marker_right_to_left_rms_px=0.2369727878674028
marker_bidir_max_px=0.4078661278047832
marker_pnp_self_reproj_px=0.06125984340906143
joint_solution_role=joint_from_marker_w4
feature_rot_agreement_deg=7.890176684727592
pair_score=0.7019356971115227
combined_score=0.48379570526549176
sharpness_min=57.81556926515826
marker_coverage=0.0010143055168896353

[ACTIVE_THRESHOLDS]
sift_max_keypoints=800
sift_contrast_threshold=0.01
match_ratio=0.75
ransac_threshold_px=0.75
min_matches=11
min_inlier_ratio=0.28
min_grid_coverage=0.16666666666666666
min_hull_coverage=0.02
min_parallax_deg=1.0
strong_inliers=40
strong_grid_coverage=0.25

final_feature_inlier_px=1.5
final_feature_p90_max_px=1.25
marker_bidir_rms_max_px=1.5
marker_bidir_point_max_px=2.0

[FINAL_RT_LEFT_TO_RIGHT]
R0=0.999998409638 -0.00174308515105 -0.000377326531415
R1=0.00174208778533 0.999995030339 -0.00262762789491
R2=0.000381904835396 0.00262696638009 0.999996476592
t_mm=-20.2976568299 0.896595374053 -0.410248792249

[GRID_COUNTS_6x4]
raw_keypoints_left
    14  315    1    0    0    0
    14  205    2    0    0    0
     0    0    0    0    0    0
     0    0    0    0    0    0
raw_keypoints_right
    27  309    4    0    0    0
    82  122    2    0    0    0
     0    0    0    0    0    0
     0    0    0    0    0    0
balanced_candidates_left
     0    0    0    0    0    0
     0    1   20   24    1    0
     0    0    5    5    0    0
     0    0    0    0    0    0
balanced_candidates_right
     0    0    0    0    0    0
     0    3   24   18    0    0
     0    3    3    5    0    0
     0    0    0    0    0    0
essential_inliers_left
     0    0    0    0    0    0
     0    0   15   20    0    0
     0    0    2    3    0    0
     0    0    0    0    0    0
essential_inliers_right
     0    0    0    0    0    0
     0    1   21   12    0    0
     0    3    0    3    0    0
     0    0    0    0    0    0
recoverpose_inliers_left
     0    0    0    0    0    0
     0    0   15   20    0    0
     0    0    2    3    0    0
     0    0    0    0    0    0
recoverpose_inliers_right
     0    0    0    0    0    0
     0    1   21   12    0    0
     0    3    0    3    0    0
     0    0    0    0    0    0
joint_optimization_left
     0    0    0    0    0    0
     0    0   13   15    0    0
     0    0    2    2    0    0
     0    0    0    0    0    0
joint_optimization_right
     0    0    0    0    0    0
     0    1   18    8    0    0
     0    3    0    2    0    0
     0    0    0    0    0    0
holdout_left
     0    0    0    0    0    0
     0    0    2    5    0    0
     0    0    0    1    0    0
     0    0    0    0    0    0
holdout_right
     0    0    0    0    0    0
     0    0    3    4    0    0
     0    0    0    1    0    0
     0    0    0    0    0    0
final_rt_inliers_left
     0    0    0    0    0    0
     0    0   15   20    0    0
     0    0    2    2    0    0
     0    0    0    0    0    0
final_rt_inliers_right
     0    0    0    0    0    0
     0    1   21   12    0    0
     0    3    0    2    0    0
     0    0    0    0    0    0

[MATCH_TABLE]
index,left_x,left_y,right_x,right_y,essential_inlier,recoverpose_inlier,optimization_used,holdout,final_rt_inlier,final_epipolar_px
1,811.193604,481.018677,733.164734,484.143066,1,1,0,1,1,0.542678
2,819.898865,416.812775,743.680725,418.959076,1,1,1,0,1,0.129860
3,636.777344,401.429993,559.873596,403.468231,1,1,1,0,1,0.201438
4,606.940186,298.036926,534.820129,301.016998,0,0,0,0,0,1.899119
5,790.106079,539.966797,705.211914,550.735779,0,0,0,0,0,7.674876
6,700.256775,446.327271,620.166748,448.234467,1,1,1,0,1,0.400878
7,579.883240,325.038025,507.747284,325.559479,1,1,1,0,1,0.624548
8,799.464050,475.847015,719.541138,478.623627,1,1,0,1,1,0.147170
9,538.496399,348.065582,462.621674,351.067963,0,0,0,0,0,1.673174
10,618.690430,413.086426,541.294617,415.217285,1,1,1,0,1,0.262333
11,612.086060,431.392700,534.160461,432.414551,1,1,1,0,1,0.928487
12,650.022095,342.911346,573.940491,345.233795,0,0,0,0,0,0.757064
13,637.459900,349.918335,560.273438,352.019409,1,1,1,0,1,0.484206
14,744.241760,565.961182,660.023499,570.623962,0,0,0,0,0,1.639986
15,711.930054,432.843353,631.038879,435.748627,1,1,1,0,1,0.584868
16,618.690430,413.086426,541.294617,415.217285,1,1,0,1,1,0.262333
17,470.039062,509.356628,383.284058,512.011536,1,1,1,0,1,0.283704
18,604.198425,393.736816,526.567078,396.268036,1,1,1,0,1,0.766675
19,520.381104,478.447021,436.023346,480.428009,1,1,1,0,1,0.261807
20,571.730713,410.879517,490.780243,413.663849,1,1,1,0,1,0.866784
21,564.886292,426.447815,485.191925,428.865112,1,1,0,1,1,0.506230
22,714.861084,409.723175,635.913635,411.898560,1,1,1,0,1,0.036189
23,664.674622,499.190491,579.347534,502.021576,1,1,1,0,1,0.145453
24,630.440552,384.124329,554.061401,385.225037,1,1,1,0,1,0.619915
25,664.674622,499.190491,579.347534,502.021576,1,1,1,0,1,0.145453
26,799.464050,475.847015,719.541138,478.623627,1,1,0,1,1,0.147170
27,700.708435,474.443054,618.748352,476.187561,1,1,1,0,1,0.760704
28,540.687744,340.001556,324.365753,372.801819,0,0,0,0,0,25.399561
29,588.810791,392.171021,509.362793,395.241180,1,1,1,0,1,1.264444
30,528.312195,489.657104,442.333405,491.621674,1,1,1,0,1,0.417672
31,790.864136,406.831757,714.367371,409.585205,1,1,1,0,1,0.567018
32,710.406921,393.556519,632.941467,395.702393,1,1,0,1,1,0.152743
33,347.705139,380.967102,816.032532,325.718719,0,0,0,0,0,32.761250
34,695.052368,417.602692,616.813293,420.084106,1,1,1,0,1,0.384696
35,799.464050,475.847015,719.541138,478.623627,1,1,1,0,1,0.147170
36,771.919495,430.511871,694.289856,431.732452,1,1,1,0,1,1.066034
37,493.659576,518.263062,406.695892,519.979248,1,1,1,0,1,0.746889
38,718.118774,374.069000,640.816772,376.205597,1,1,0,1,1,0.219436
39,759.223633,367.789215,684.317871,369.639435,0,0,0,0,0,0.025364
40,769.380615,607.864807,690.915466,607.901855,1,1,1,0,0,2.826749
41,465.027252,520.018860,376.463745,523.031677,1,1,1,0,1,0.521752
42,880.837036,395.554810,806.914551,433.903168,0,0,0,0,0,36.017162
43,512.158264,505.183533,426.498352,506.651917,1,1,1,0,1,0.920996
44,735.353333,552.117554,650.316406,554.353821,1,1,1,0,1,0.762104
45,588.228943,672.285095,492.494476,674.534485,0,0,0,0,0,1.353098
46,735.353333,552.117554,650.316406,554.353821,1,1,0,1,1,0.762104
47,738.297913,471.255157,657.096252,474.068298,1,1,1,0,1,0.271193
48,747.861877,439.359253,668.042603,441.101318,1,1,1,0,1,0.630088
49,725.066101,471.650055,641.743347,471.750427,0,0,0,0,0,2.507906
50,724.924377,375.155670,647.212158,376.465729,1,1,1,0,1,0.642696
51,502.294708,486.006805,418.369751,485.931732,0,0,0,0,0,2.280573
52,727.416687,396.050385,649.354004,398.093903,1,1,1,0,1,0.024910
53,759.388855,350.236786,686.357544,352.380951,0,0,0,0,0,0.427256
54,581.359009,627.124878,488.321075,631.192078,0,0,0,0,0,0.741855
55,534.139343,453.450134,540.159607,525.597595,0,0,0,0,0,74.140004
56,540.266296,527.563293,684.057861,434.917664,0,0,0,0,0,83.791571
