=== RT SIFT DIAGNOSTICS ===
This report describes the selected best frame pair only.
Coordinates are undistorted display pixels: frame_B/UI-left -> frame_A/UI-right.

[SELECTED_PAIR]
video=D:\Lightglue\lg_env\SU01\model1\video_20260729_145714.mp4
frame_left_B=1
frame_right_A=0
shared_markers=1
baseline_mm=20.374460
rt_sift_role=final_rt
rt_sift_applied=True
rt_reliable=True

[PIPELINE_COUNTS]
left_keypoint_count=585
right_keypoint_count=617
left_descriptor_count=585
right_descriptor_count=617
knn_pair_count=585
ratio_pass_count=115
mutual_pass_count=112
spatially_balanced_count=77
essential_ransac_inlier_count=59
recoverpose_inlier_count=59
final_rt_sift_point_count=47
final_rt_feature_inlier_count=58
final_rt_feature_outlier_count=19

[FEATURE_QUALITY]
match_count=77
essential_inlier_count=59
inlier_count=59
inlier_ratio=0.7662337662337663
grid_coverage=0.20833333333333334
hull_coverage=0.07053824904155519
parallax_deg=8.701477380178726
homography_ratio=0.5714285714285714
planar_degenerate=False
model_epi_px=0.37672848107207213
quality_penalty=0.04166666666666666
quality_ok=True
strong=False
marker_rt_feature_epi_px=3.167736106388036
final_feature_epi_px=0.37324634510239807
final_feature_inlier_p90_px=0.8188941708345707
final_feature_all_p90_px=2.16774637835637
final_feature_holdout_median_px=0.2909919745207933
marker_bidir_rms_px=0.4039356332753041
marker_left_to_right_rms_px=0.4305320731186684
marker_right_to_left_rms_px=0.3754598855739231
marker_bidir_max_px=0.6031299574277336
marker_pnp_self_reproj_px=0.2650057077407837
joint_solution_role=joint_from_marker_w1
feature_rot_agreement_deg=1.072337904438779
pair_score=0.9385017869921625
combined_score=0.3316481089672216
sharpness_min=67.45413902297383
marker_coverage=0.00038254345940345045

[ACTIVE_THRESHOLDS]
sift_max_keypoints=800
sift_contrast_threshold=0.01
match_ratio=0.75
ransac_threshold_px=0.75
min_matches=11
min_inlier_ratio=0.28
min_grid_coverage=0.16666666666666666
min_hull_coverage=0.02
min_parallax_deg=1.0
strong_inliers=40
strong_grid_coverage=0.25

final_feature_inlier_px=1.5
final_feature_p90_max_px=1.25
marker_bidir_rms_max_px=1.5
marker_bidir_point_max_px=2.0

[FINAL_RT_LEFT_TO_RIGHT]
R0=0.999953001107 0.00205150333276 -0.00947559559438
R1=-0.00205198713558 0.999997893818 -4.13359277365e-05
R2=0.00947549083626 6.07777852553e-05 0.999955104682
t_mm=-20.3652258703 0.61019507734 -0.0621144830363

[GRID_COUNTS_6x4]
raw_keypoints_left
    11  147   23    0    0    0
     1  336   67    0    0    0
     0    0    0    0    0    0
     0    0    0    0    0    0
raw_keypoints_right
    18  169    4    0    0    0
    34  382   10    0    0    0
     0    0    0    0    0    0
     0    0    0    0    0    0
balanced_candidates_left
     0    0    0    0    0    0
     0    0    5   24    5    0
     0    0   15   24    4    0
     0    0    0    0    0    0
balanced_candidates_right
     0    0    0    0    0    0
     0    2   14   18    0    0
     0    1   17   24    1    0
     0    0    0    0    0    0
essential_inliers_left
     0    0    0    0    0    0
     0    0    3   19    4    0
     0    0   12   19    2    0
     0    0    0    0    0    0
essential_inliers_right
     0    0    0    0    0    0
     0    1   10   15    0    0
     0    0   13   20    0    0
     0    0    0    0    0    0
recoverpose_inliers_left
     0    0    0    0    0    0
     0    0    3   19    4    0
     0    0   12   19    2    0
     0    0    0    0    0    0
recoverpose_inliers_right
     0    0    0    0    0    0
     0    1   10   15    0    0
     0    0   13   20    0    0
     0    0    0    0    0    0
joint_optimization_left
     0    0    0    0    0    0
     0    0    1   18    2    0
     0    0   10   14    2    0
     0    0    0    0    0    0
joint_optimization_right
     0    0    0    0    0    0
     0    0    8   13    0    0
     0    0   11   15    0    0
     0    0    0    0    0    0
holdout_left
     0    0    0    0    0    0
     0    0    2    1    2    0
     0    0    2    5    0    0
     0    0    0    0    0    0
holdout_right
     0    0    0    0    0    0
     0    1    2    2    0    0
     0    0    2    5    0    0
     0    0    0    0    0    0
final_rt_inliers_left
     0    0    0    0    0    0
     0    0    3   19    4    0
     0    0   12   18    2    0
     0    0    0    0    0    0
final_rt_inliers_right
     0    0    0    0    0    0
     0    1   10   15    0    0
     0    0   13   19    0    0
     0    0    0    0    0    0

[MATCH_TABLE]
index,left_x,left_y,right_x,right_y,essential_inlier,recoverpose_inlier,optimization_used,holdout,final_rt_inlier,final_epipolar_px
1,802.245544,515.363281,721.511292,517.922485,1,1,0,1,1,0.226636
2,433.243561,701.789124,337.824371,709.247803,0,0,0,0,0,2.639867
3,821.778564,533.303589,738.941956,535.942078,1,1,1,0,1,0.313136
4,821.705505,557.529602,737.128662,561.223206,0,0,0,0,0,1.348531
5,907.536011,465.578766,833.426697,469.344238,0,0,0,0,0,1.762402
6,832.266174,534.963257,749.432190,538.063293,1,1,1,0,1,0.808339
7,652.694885,484.866852,572.596130,487.618958,1,1,1,0,1,0.131891
8,702.254639,463.635193,624.600403,465.540710,1,1,1,0,1,0.530288
9,807.959961,541.758911,725.188843,544.716431,1,1,0,1,1,0.606278
10,814.007324,567.313965,728.890198,569.959412,1,1,1,0,1,0.270208
11,821.705505,557.529602,737.128662,561.223206,0,0,0,0,0,1.348531
12,783.257812,459.288422,705.237793,461.375397,1,1,1,0,1,0.251325
13,807.963379,566.384460,723.295654,569.035095,1,1,1,0,1,0.268138
14,810.840210,493.076843,730.556213,494.666077,1,1,1,0,1,0.738598
15,826.457275,516.582153,745.272827,519.188660,1,1,0,1,1,0.321835
16,814.151062,559.177124,729.608887,562.156616,1,1,1,0,1,0.612465
17,810.840210,493.076843,730.556213,494.666077,1,1,1,0,1,0.738598
18,826.457275,516.582153,745.272827,519.188660,1,1,1,0,1,0.321835
19,786.588318,474.991302,708.785095,477.293427,1,1,1,0,1,0.009196
20,767.128540,596.586609,678.354248,599.373108,1,1,0,1,1,0.136860
21,782.584351,519.453125,702.562744,519.953735,0,0,0,0,0,1.852999
22,773.554932,540.434814,691.977356,542.435547,1,1,1,0,1,0.414277
23,782.880798,580.210266,697.726013,582.482788,1,1,1,0,1,0.202496
24,773.380615,450.276550,695.658020,452.416870,1,1,1,0,1,0.207817
25,702.896179,506.682190,623.663696,508.937988,1,1,1,0,1,0.262229
26,785.114319,567.414307,701.083252,569.632507,1,1,0,1,1,0.221564
27,681.512878,466.964783,601.917847,469.109314,1,1,1,0,1,0.388118
28,945.689514,526.263977,886.660217,570.274048,0,0,0,0,0,42.900968
29,840.748779,533.169312,757.940918,536.100159,1,1,1,0,1,0.661291
30,892.125977,553.382324,811.318481,558.286011,0,0,0,0,0,2.916934
31,664.495789,502.850800,583.527100,506.984772,0,0,0,0,0,1.476769
32,751.799255,535.320190,671.770569,536.895447,1,1,1,0,1,0.852269
33,791.990234,455.968475,715.432373,458.870789,1,1,1,0,1,0.621563
34,841.890259,420.940521,778.297302,426.633331,0,0,0,0,0,3.841867
35,667.248779,474.191833,588.254150,476.878235,1,1,0,1,1,0.143416
36,678.279053,524.633667,598.063599,528.620422,0,0,0,0,0,1.358519
37,751.899963,472.402374,674.901184,474.799957,1,1,1,0,1,0.054770
38,661.706238,753.207825,570.977905,757.298462,1,1,1,0,1,0.709908
39,744.226013,458.894836,667.388672,460.896484,1,1,1,0,1,0.349551
40,778.226196,564.855347,694.583801,567.427246,1,1,1,0,1,0.119285
41,632.625305,753.669128,536.209595,758.216675,1,1,0,1,1,0.760119
42,690.236084,484.938385,609.805420,488.789948,0,0,0,0,0,1.284206
43,690.800781,758.532532,601.918152,763.377747,0,0,0,0,0,1.729119
44,823.770508,508.059082,743.648926,510.803497,1,1,1,0,1,0.474587
45,776.494080,744.872314,715.947937,744.656006,1,1,1,0,0,1.719662
46,787.618835,553.584351,704.515625,555.988464,1,1,1,0,1,0.008493
47,610.247437,471.289337,529.869568,475.223694,0,0,0,0,0,1.265430
48,878.512451,476.496643,803.418701,479.015564,1,1,1,0,1,0.464046
49,585.971130,505.787109,501.829742,508.979126,1,1,0,1,1,0.260149
50,607.164734,564.595032,520.333984,567.151855,1,1,1,0,1,0.575256
51,729.115601,455.450195,646.574463,457.642731,1,1,1,0,1,0.369092
52,704.653564,447.049316,627.151794,448.709473,1,1,1,0,1,0.756242
53,876.014221,556.845703,794.055969,559.189026,1,1,1,0,1,0.269951
54,530.193787,529.101074,446.106201,532.127563,1,1,0,1,1,0.111230
55,689.344238,451.091919,611.903198,453.527435,1,1,1,0,1,0.000959
56,869.333984,581.218018,786.910461,583.238464,1,1,1,0,1,0.028853
57,629.077576,599.092773,541.177795,604.959351,0,0,0,0,0,2.688168
58,666.986694,317.320221,405.537415,347.627838,0,0,0,0,0,21.989463
59,721.335693,448.251068,643.819275,450.149628,1,1,1,0,1,0.501615
60,589.741272,552.708374,502.962341,554.898560,1,1,1,0,1,0.960164
61,870.722839,488.728729,792.849731,491.386261,1,1,0,1,1,0.526833
62,660.607483,409.157318,585.434143,411.950867,1,1,1,0,1,0.466970
63,675.272339,441.180145,594.646301,446.497498,0,0,0,0,0,2.770039
64,631.945068,517.228455,551.476990,520.342224,1,1,1,0,1,0.377400
65,564.238342,632.118896,472.233612,635.485962,1,1,1,0,1,0.316127
66,611.434021,485.439392,529.628845,488.916168,1,1,1,0,1,0.726837
67,594.905396,713.799438,500.021790,716.049683,0,0,0,0,0,1.627224
68,878.031677,504.443451,799.564880,505.623016,1,1,0,1,1,0.913781
69,586.552429,639.766846,496.322845,643.983704,1,1,1,0,1,0.671007
70,608.957703,660.360291,515.476868,664.369995,1,1,1,0,1,0.403543
71,622.683105,518.477234,540.672974,520.234314,1,1,1,0,1,1.053586
72,621.537842,660.048340,528.320251,663.648193,1,1,1,0,1,0.068871
73,491.737427,443.259644,412.864349,445.048828,1,1,0,1,1,0.843523
74,594.122070,670.371826,500.718231,674.392578,1,1,1,0,1,0.312352
75,594.122070,670.371826,500.718231,674.392578,1,1,1,0,1,0.312352
76,856.681030,481.965942,778.814270,483.281647,1,1,1,0,1,0.860485
77,558.049866,425.969360,711.536926,407.763977,0,0,0,0,0,12.968444
