=== RT SIFT DIAGNOSTICS ===
This report describes the selected best frame pair only.
Coordinates are undistorted display pixels: frame_B/UI-left -> frame_A/UI-right.

[SELECTED_PAIR]
video=D:\Lightglue\lg_env\SU01\model1\video_20260729_145150.mp4
frame_left_B=1
frame_right_A=0
shared_markers=1
baseline_mm=20.296154
rt_sift_role=final_rt
rt_sift_applied=True
rt_reliable=True

[PIPELINE_COUNTS]
left_keypoint_count=433
right_keypoint_count=413
left_descriptor_count=433
right_descriptor_count=413
knn_pair_count=433
ratio_pass_count=123
mutual_pass_count=120
spatially_balanced_count=56
essential_ransac_inlier_count=40
recoverpose_inlier_count=39
final_rt_sift_point_count=31
final_rt_feature_inlier_count=39
final_rt_feature_outlier_count=17

[FEATURE_QUALITY]
match_count=56
essential_inlier_count=40
inlier_count=39
inlier_ratio=0.6964285714285714
grid_coverage=0.16666666666666666
hull_coverage=0.0729280485656453
parallax_deg=7.596092902891161
homography_ratio=0.6785714285714286
planar_degenerate=False
model_epi_px=0.3854029129009675
quality_penalty=0.08333333333333334
quality_ok=True
strong=False
marker_rt_feature_epi_px=23.37260959149166
final_feature_epi_px=0.30968837087687373
final_feature_inlier_p90_px=0.8425135807204255
final_feature_all_p90_px=6.418633895102666
final_feature_holdout_median_px=0.16971639494252205
marker_bidir_rms_px=0.18743484635948748
marker_left_to_right_rms_px=0.17537752726024966
marker_right_to_left_rms_px=0.19876208439159046
marker_bidir_max_px=0.2964964622803551
marker_pnp_self_reproj_px=0.1368286907672882
joint_solution_role=joint_from_marker_w4
feature_rot_agreement_deg=34.93646408313749
pair_score=0.7641098392606436
combined_score=0.8429987979584809
sharpness_min=65.09686885591597
marker_coverage=0.0008410470037318873

[ACTIVE_THRESHOLDS]
sift_max_keypoints=800
sift_contrast_threshold=0.01
match_ratio=0.75
ransac_threshold_px=0.75
min_matches=11
min_inlier_ratio=0.28
min_grid_coverage=0.16666666666666666
min_hull_coverage=0.02
min_parallax_deg=1.0
strong_inliers=40
strong_grid_coverage=0.25

final_feature_inlier_px=1.5
final_feature_p90_max_px=1.25
marker_bidir_rms_max_px=1.5
marker_bidir_point_max_px=2.0

[FINAL_RT_LEFT_TO_RIGHT]
R0=0.999998775167 -0.000571501233807 -0.00145706953139
R1=0.000576066964799 0.999994919914 0.00313501077492
R2=0.00145527046683 -0.00313584630468 0.99999402431
t_mm=-20.291050816 0.197682785046 -0.409947104686

[GRID_COUNTS_6x4]
raw_keypoints_left
    28  361    2    0    0    0
     4   20   18    0    0    0
     0    0    0    0    0    0
     0    0    0    0    0    0
raw_keypoints_right
    83  281    7    0    0    0
    12   24    6    0    0    0
     0    0    0    0    0    0
     0    0    0    0    0    0
balanced_candidates_left
     0    0    0    0    0    0
     0    3   24   24    1    0
     0    0    3    1    0    0
     0    0    0    0    0    0
balanced_candidates_right
     0    0    0    0    0    0
     0   11   24   16    1    0
     0    1    2    1    0    0
     0    0    0    0    0    0
essential_inliers_left
     0    0    0    0    0    0
     0    1   18   19    1    0
     0    0    1    0    0    0
     0    0    0    0    0    0
essential_inliers_right
     0    0    0    0    0    0
     0    5   21   12    1    0
     0    0    1    0    0    0
     0    0    0    0    0    0
recoverpose_inliers_left
     0    0    0    0    0    0
     0    0   18   19    1    0
     0    0    1    0    0    0
     0    0    0    0    0    0
recoverpose_inliers_right
     0    0    0    0    0    0
     0    5   21   11    1    0
     0    0    1    0    0    0
     0    0    0    0    0    0
joint_optimization_left
     0    0    0    0    0    0
     0    0   14   15    1    0
     0    0    1    0    0    0
     0    0    0    0    0    0
joint_optimization_right
     0    0    0    0    0    0
     0    4   16    9    1    0
     0    0    1    0    0    0
     0    0    0    0    0    0
holdout_left
     0    0    0    0    0    0
     0    0    4    4    0    0
     0    0    0    0    0    0
     0    0    0    0    0    0
holdout_right
     0    0    0    0    0    0
     0    1    5    2    0    0
     0    0    0    0    0    0
     0    0    0    0    0    0
final_rt_inliers_left
     0    0    0    0    0    0
     0    0   18   19    1    0
     0    0    1    0    0    0
     0    0    0    0    0    0
final_rt_inliers_right
     0    0    0    0    0    0
     0    5   21   11    1    0
     0    0    1    0    0    0
     0    0    0    0    0    0

[MATCH_TABLE]
index,left_x,left_y,right_x,right_y,essential_inlier,recoverpose_inlier,optimization_used,holdout,final_rt_inlier,final_epipolar_px
1,656.274902,275.074463,587.150330,276.930695,1,1,0,1,1,0.173355
2,551.842712,257.508514,484.328125,259.729797,1,1,1,0,1,0.344220
3,513.078125,497.689362,430.933716,500.343719,1,1,1,0,1,0.236529
4,675.283081,381.302795,599.479736,383.725708,1,1,1,0,1,0.236695
5,766.578430,405.809021,693.222290,407.294586,1,1,1,0,1,0.819980
6,750.484680,436.515686,675.746277,438.884979,1,1,0,1,1,0.009335
7,752.185608,397.180847,677.971558,399.578857,1,1,1,0,1,0.114809
8,584.341187,314.317749,510.750336,317.737946,0,0,0,0,0,1.445879
9,574.174133,298.365417,502.731628,299.989624,1,1,1,0,1,0.314168
10,663.737610,282.525848,594.026550,284.409210,1,1,1,0,1,0.159817
11,600.320801,401.569458,523.432861,404.557495,0,0,0,0,0,0.830923
12,594.787170,292.520294,524.778320,294.067474,1,1,1,0,1,0.410412
13,620.891663,407.629242,543.386353,409.618622,1,1,0,1,1,0.204831
14,384.393341,479.049744,378.181335,270.857208,0,0,0,0,0,209.743489
15,684.194519,325.757782,612.878113,327.702087,1,1,1,0,1,0.157393
16,694.208313,363.058716,620.071472,364.619110,1,1,1,0,1,0.607773
17,520.799500,286.486542,452.849304,286.963806,0,0,0,0,0,1.373644
18,797.651855,322.615387,748.836060,388.209808,0,0,0,0,0,63.428427
19,509.300995,336.957642,436.324677,338.215179,1,1,1,0,1,0.653240
20,955.712097,401.054810,890.103210,402.817352,1,1,1,0,1,0.672395
21,466.773041,552.754639,377.332458,557.557434,0,0,0,0,0,2.086337
22,684.007874,359.572174,610.138367,361.875488,1,1,0,1,1,0.152189
23,620.891663,407.629242,543.386353,409.618622,1,1,1,0,1,0.204831
24,700.277588,337.520782,627.488281,339.328430,1,1,1,0,1,0.330073
25,612.172668,357.379974,539.798889,359.010742,1,1,1,0,1,0.429027
26,723.001282,403.092773,647.820679,404.680756,1,1,1,0,1,0.681893
27,551.661377,317.988647,480.176544,320.195648,1,1,0,1,1,0.275832
28,631.461609,321.801117,561.471802,323.520569,1,1,1,0,1,0.309688
29,598.091125,331.950989,528.226624,334.883362,1,1,1,0,1,0.932649
30,740.653870,373.445923,668.639099,375.870239,1,1,1,0,1,0.201297
31,719.015320,415.455963,643.232910,416.802032,1,1,1,0,1,0.947692
32,794.075867,455.662781,718.854309,458.396973,0,0,0,0,0,0.290045
33,552.259216,396.341583,476.473145,398.402771,1,1,0,1,1,0.027492
34,613.446289,322.660767,543.782532,324.871155,1,1,1,0,1,0.203299
35,640.776794,303.507538,570.908020,305.544495,1,1,1,0,1,0.011728
36,738.502319,259.050354,672.925049,261.883362,1,1,1,0,1,0.692762
37,395.105072,343.465912,320.480316,348.373322,0,0,0,0,0,3.109412
38,590.845581,553.451965,513.636841,556.736633,1,1,1,0,1,0.652783
39,807.521118,451.454620,732.319458,454.556732,0,0,0,0,0,0.655721
40,803.207581,648.950378,339.243774,273.119537,0,0,0,0,0,381.960091
41,376.018280,315.352722,744.065735,349.928772,1,0,0,0,0,34.383532
42,719.108765,368.733795,648.764526,366.124695,0,0,0,0,0,4.790803
43,502.722595,443.056030,424.644745,445.072632,1,1,0,1,1,0.166078
44,467.042450,489.421295,385.834808,491.669586,1,1,1,0,1,0.093123
45,482.365875,448.990173,401.693024,451.662079,0,0,0,0,0,0.465817
46,494.902618,475.893188,411.528778,481.463684,0,0,0,0,0,3.230549
47,759.671692,388.270782,686.355103,389.304016,1,1,1,0,1,1.237004
48,645.078064,491.511047,835.619446,670.981140,0,0,0,0,0,180.385652
49,733.576721,287.745911,665.605286,290.346710,1,1,1,0,1,0.465480
50,735.286316,299.461182,666.147278,301.203979,1,1,1,0,1,0.400186
51,730.524963,293.747864,662.713196,295.672424,1,1,0,1,1,0.207722
52,456.943146,471.624756,377.321625,472.469910,1,1,1,0,1,1.404649
53,557.021362,572.905029,465.537292,583.860352,0,0,0,0,0,8.046465
54,492.440979,338.714264,416.821838,341.400513,0,0,0,0,0,0.781316
55,449.798767,349.824982,374.181519,351.589630,1,1,1,0,1,0.110867
56,494.534790,323.194916,422.145355,325.635193,1,1,1,0,1,0.569713
