=== RT SIFT DIAGNOSTICS ===
This report describes the selected best frame pair only.
Coordinates are undistorted display pixels: frame_B/UI-left -> frame_A/UI-right.

[SELECTED_PAIR]
video=D:\Lightglue\lg_env\SU01\model1\video_20260729_144102.mp4
frame_left_B=1
frame_right_A=0
shared_markers=1
baseline_mm=19.721078
rt_sift_role=final_rt
rt_sift_applied=True
rt_reliable=True

[PIPELINE_COUNTS]
left_keypoint_count=540
right_keypoint_count=544
left_descriptor_count=540
right_descriptor_count=544
knn_pair_count=540
ratio_pass_count=121
mutual_pass_count=116
spatially_balanced_count=55
essential_ransac_inlier_count=36
recoverpose_inlier_count=36
final_rt_sift_point_count=28
final_rt_feature_inlier_count=32
final_rt_feature_outlier_count=23

[FEATURE_QUALITY]
match_count=55
essential_inlier_count=36
inlier_count=36
inlier_ratio=0.6545454545454545
grid_coverage=0.16666666666666666
hull_coverage=0.06204077503086687
parallax_deg=7.296758589461014
homography_ratio=0.6727272727272727
planar_degenerate=False
model_epi_px=0.3048274705928168
quality_penalty=0.08333333333333334
quality_ok=True
strong=False
marker_rt_feature_epi_px=7.889245083279244
final_feature_epi_px=0.4201098432772618
final_feature_inlier_p90_px=0.9014440592551064
final_feature_all_p90_px=2.795334288657492
final_feature_holdout_median_px=0.541693131485175
marker_bidir_rms_px=0.2380479273903474
marker_left_to_right_rms_px=0.22813583348367955
marker_right_to_left_rms_px=0.2475634725689294
marker_bidir_max_px=0.4151657403012735
marker_pnp_self_reproj_px=0.053643904626369476
joint_solution_role=joint_from_marker_w12
feature_rot_agreement_deg=6.889104963470703
pair_score=0.7639811532993223
combined_score=0.4768021585379998
sharpness_min=46.77316053713148
marker_coverage=0.0010152000997251775

[ACTIVE_THRESHOLDS]
sift_max_keypoints=800
sift_contrast_threshold=0.01
match_ratio=0.75
ransac_threshold_px=0.75
min_matches=11
min_inlier_ratio=0.28
min_grid_coverage=0.16666666666666666
min_hull_coverage=0.02
min_parallax_deg=1.0
strong_inliers=40
strong_grid_coverage=0.25

final_feature_inlier_px=1.5
final_feature_p90_max_px=1.25
marker_bidir_rms_max_px=1.5
marker_bidir_point_max_px=2.0

[FINAL_RT_LEFT_TO_RIGHT]
R0=0.999987097217 -0.00125514983142 -0.00492239771558
R1=0.00125477711508 0.999999209662 -7.88059980494e-05
R2=0.00492249273855 7.26284692278e-05 0.999987881822
t_mm=-19.7082383673 0.627666708509 -0.33507899742

[GRID_COUNTS_6x4]
raw_keypoints_left
    16  365   13    0    0    0
     4  140    2    0    0    0
     0    0    0    0    0    0
     0    0    0    0    0    0
raw_keypoints_right
    31  334    4    0    0    0
    44  130    1    0    0    0
     0    0    0    0    0    0
     0    0    0    0    0    0
balanced_candidates_left
     0    0    0    0    0    0
     0    0   15   24    2    0
     0    0    6    8    0    0
     0    0    0    0    0    0
balanced_candidates_right
     0    0    0    0    0    0
     0    0   24   16    1    0
     0    2    6    6    0    0
     0    0    0    0    0    0
essential_inliers_left
     0    0    0    0    0    0
     0    0   10   18    0    0
     0    0    5    3    0    0
     0    0    0    0    0    0
essential_inliers_right
     0    0    0    0    0    0
     0    0   17   10    0    0
     0    2    5    2    0    0
     0    0    0    0    0    0
recoverpose_inliers_left
     0    0    0    0    0    0
     0    0   10   18    0    0
     0    0    5    3    0    0
     0    0    0    0    0    0
recoverpose_inliers_right
     0    0    0    0    0    0
     0    0   17   10    0    0
     0    2    5    2    0    0
     0    0    0    0    0    0
joint_optimization_left
     0    0    0    0    0    0
     0    0    7   15    0    0
     0    0    5    1    0    0
     0    0    0    0    0    0
joint_optimization_right
     0    0    0    0    0    0
     0    0   14    7    0    0
     0    2    4    1    0    0
     0    0    0    0    0    0
holdout_left
     0    0    0    0    0    0
     0    0    3    3    0    0
     0    0    0    2    0    0
     0    0    0    0    0    0
holdout_right
     0    0    0    0    0    0
     0    0    3    3    0    0
     0    0    1    1    0    0
     0    0    0    0    0    0
final_rt_inliers_left
     0    0    0    0    0    0
     0    0   10   17    0    0
     0    0    3    2    0    0
     0    0    0    0    0    0
final_rt_inliers_right
     0    0    0    0    0    0
     0    0   16   10    0    0
     0    0    4    2    0    0
     0    0    0    0    0    0

[MATCH_TABLE]
index,left_x,left_y,right_x,right_y,essential_inlier,recoverpose_inlier,optimization_used,holdout,final_rt_inlier,final_epipolar_px
1,631.234680,361.670349,553.975037,363.386749,1,1,0,1,1,0.304886
2,776.215759,416.006073,696.945984,418.069794,1,1,1,0,1,0.572105
3,840.294617,432.399506,763.303528,435.294952,0,0,0,0,0,0.156953
4,738.327026,604.910461,936.865540,296.213867,0,0,0,0,0,301.682488
5,733.129578,388.212158,657.970642,390.387543,1,1,1,0,1,0.155882
6,824.474243,544.378357,773.056519,530.880432,0,0,0,0,0,15.391557
7,655.335571,301.086700,584.139404,303.224426,1,1,1,0,1,0.408969
8,742.169922,445.279846,661.899414,448.129333,0,0,0,0,0,0.192600
9,853.135559,518.576477,771.345581,523.024658,0,0,0,0,0,1.405631
10,472.565277,554.630005,385.369232,559.134521,1,1,1,0,0,1.635595
11,531.188599,458.672424,448.615417,460.321411,1,1,0,1,1,0.670643
12,647.311401,366.392548,569.137329,370.123047,0,0,0,0,0,1.611566
13,735.123718,473.380707,652.959595,475.376190,1,1,1,0,1,0.779600
14,664.847961,341.453552,590.438782,343.076843,1,1,1,0,1,0.353113
15,583.020203,339.146149,507.907776,341.332977,1,1,1,0,1,0.466811
16,756.067627,574.989807,672.425659,577.668640,1,1,1,0,1,0.427476
17,790.793701,565.842041,708.833069,569.577576,0,0,0,0,0,0.680782
18,743.750427,417.548279,665.177612,419.317474,1,1,0,1,1,0.767327
19,702.053955,338.157898,626.347717,340.041046,1,1,1,0,1,0.244951
20,763.408447,376.371582,686.527710,378.297180,1,1,1,0,1,0.517987
21,687.314819,282.230621,616.109802,285.090729,1,1,1,0,1,1.063299
22,715.924194,334.867584,640.733887,337.309143,1,1,1,0,1,0.290759
23,815.702759,452.204529,736.420227,453.628265,1,1,0,1,1,1.366259
24,552.272461,453.327026,470.102448,454.739868,1,1,1,0,1,0.914982
25,692.235901,386.835754,615.635132,388.877625,1,1,1,0,1,0.217842
26,856.063721,438.473694,779.054565,438.183319,0,0,0,0,0,3.067583
27,764.134338,414.545715,685.369873,416.974060,1,1,1,0,1,0.158898
28,755.922424,436.085602,676.827209,437.707184,1,1,1,0,1,1.002859
29,578.568665,399.245880,499.517120,400.897095,1,1,0,1,1,0.412744
30,750.008118,455.559814,666.326233,459.394012,0,0,0,0,0,1.018525
31,476.829987,629.811584,386.294037,635.706726,1,1,1,0,0,2.486406
32,704.519348,473.802887,621.755798,474.821716,1,1,1,0,0,1.717966
33,671.246094,393.538208,596.090149,395.814697,1,1,1,0,1,0.100722
34,545.219299,475.557739,461.806610,477.321198,1,1,1,0,1,0.691524
35,715.924194,334.867584,640.733887,337.309143,1,1,0,1,1,0.290759
36,515.408142,476.302338,431.972107,480.292572,0,0,0,0,0,1.584342
37,694.643677,487.074799,611.640198,489.482239,0,0,0,0,0,0.361092
38,744.077026,466.370361,663.017273,468.882477,0,0,0,0,0,0.225692
39,692.235901,386.835754,615.635132,388.877625,1,1,1,0,1,0.217842
40,515.408142,476.302338,431.972107,480.292572,0,0,0,0,0,1.584342
41,608.527954,407.434082,529.509216,409.278015,1,1,1,0,1,0.332037
42,526.970520,542.559509,440.790680,545.362305,1,1,1,0,1,0.033143
43,545.219299,475.557739,461.806610,477.321198,1,1,1,0,1,0.691524
44,821.296448,536.292175,732.905945,545.794067,0,0,0,0,0,6.220593
45,447.151306,266.971832,437.834442,269.073669,0,0,0,0,0,3.001286
46,884.188354,457.724335,804.909912,460.099915,0,0,0,0,0,0.558921
47,618.013916,335.807281,543.194885,336.529022,0,0,0,0,0,1.091173
48,767.993103,618.538696,685.750244,621.866394,1,1,0,1,1,0.169772
49,618.037598,393.373810,541.718079,395.942352,1,1,1,0,1,0.502346
50,447.151306,266.971832,437.834442,269.073669,0,0,0,0,0,3.001286
51,627.289429,510.715210,540.990417,512.895508,1,1,1,0,1,0.670288
52,617.895020,547.689636,532.114563,551.088196,1,1,1,0,1,0.436780
53,604.701355,565.862610,517.157410,568.634216,1,1,1,0,1,0.310626
54,530.054199,521.172119,443.882172,525.746826,0,0,0,0,0,1.830628
55,715.394958,554.807007,629.451721,556.271240,1,1,0,1,0,1.635346
